3 3 3

0.74078757
0.7062977
0.6557973
0.68810296
0.6720334
0.7018134
0.74929297
0.7127619
0.7280371
0.76326644
0.7268268
0.69625354
0.76609623
0.78701514
0.83586264
0.8380361
0.8554005
0.81596816
0.8112885
0.97493446
0.18506864
0.30145842
0.5364606
0.5767153
0.6165544
0.59348255
0.7294888
0.7332223
0.7428404
0.7818514
0.72155213
0.77755415
0.78509796
0.81269747
0.88338304
0.81960815
0.88165736
0.84633267
0.9715317
0.7917851
0.814148
0.8233923
0.8525155
0.9101547
1.1942176
0.8634376
0.9572496
1.1045139
1.1796079
1.6211649

0.74078757
0.7062977
0.6557973
0.68810296
0.6720334
0.7018134
0.74929297
0.7127619
0.7280371
0.76326644
0.7268268
0.69625354
0.76609623
0.78701514
0.83586264
0.8380361
0.8554005
0.81596816
0.8112885
0.97493446
0.5762696
0.80007976
0.8254518
0.7264494
0.80919284
0.85903496
0.721994
0.7777273
0.7294588
0.733306
0.5922995
0.7103646
0.6438981
0.67030424
0.6703881
0.71540904
0.6489609
0.6531693
0.65682757
0.70363843
0.76542383
0.7047965
0.7231783
0.8075076
0.92133677
0.5762483
0.70985997
0.7640889
0.8717381
1.5718741

0.73957413
0.97738445
0.96053606
1.1014156
1.1980488
1.1490537
1.2207358
1.1902364
1.1695462
1.0943786
1.1471134
1.0911213
1.0746514
1.0431769
1.0488266
1.0725917
0.9968153
0.97953707
0.8989427
0.8074569
1.1399856
0.96744275
0.9289097
0.69236743
0.658169
0.5758519
0.5698318
0.5077887
0.48577398
0.4490074
0.4791431
0.41042015
0.36917272
0.3830525
0.38451016
0.38566083
0.3220503
0.328355
0.32160214
0.3387738
0.39346483
0.3670951
0.3089229
0.3061396
0.34314784
0.4506907
0.3912164
0.36593944
0.42447358
0.41905078

