2 2 2

0.67354107	0.67354107	0.67354107	0.67354107	0.67354107
0.6886806	0.6886806	0.6886806	0.6886806	0.6886806
0.70409024	0.70409024	0.70409024	0.70409024	0.70409024
0.74678713	0.74678713	0.74678713	0.74678713	0.74678713
0.7808539	0.7808539	0.7808539	0.7808539	0.7808539
0.76089936	0.76089936	0.76089936	0.76089936	0.76089936
0.74154776	0.74154776	0.74154776	0.74154776	0.74154776
0.7481697	0.7481697	0.7481697	0.7481697	0.7481697
0.7487931	0.7487931	0.7487931	0.7487931	0.7487931
0.7862802	0.7862802	0.7862802	0.7862802	0.7862802
0.7810254	0.7810254	0.7810254	0.7810254	0.7810254
0.78108555	0.78108555	0.78108555	0.78108555	0.78108555
0.8339489	0.8339489	0.8339489	0.8339489	0.8339489
0.8290371	0.8290371	0.8290371	0.8290371	0.8290371
0.8349949	0.8349949	0.8349949	0.8349949	0.8349949
0.8555362	0.8555362	0.8555362	0.8555362	0.8555362
0.8742059	0.8742059	0.8742059	0.8742059	0.8742059
0.88930494	0.88930494	0.88930494	0.88930494	0.88930494
0.93341124	0.93341124	0.93341124	0.93341124	0.93341124
1.0029895	1.0029895	1.0029895	1.0029895	1.0029895
0.81791824	0.81791824	0.81791824	0.81791824	0.81791824
0.80395865	0.80395865	0.80395865	0.80395865	0.80395865
0.7702441	0.7702441	0.7702441	0.7702441	0.7702441
0.7896074	0.7896074	0.7896074	0.7896074	0.7896074
0.8934963	0.8934963	0.8934963	0.8934963	0.8934963
0.8603578	0.8603578	0.8603578	0.8603578	0.8603578
0.8937982	0.8937982	0.8937982	0.8937982	0.8937982
0.8804427	0.8804427	0.8804427	0.8804427	0.8804427
0.8753013	0.8753013	0.8753013	0.8753013	0.8753013
1.0332791	1.0332791	1.0332791	1.0332791	1.0332791
1.130713	1.130713	1.130713	1.130713	1.130713
0.9189637	0.9189637	0.9189637	0.9189637	0.9189637
1.1251854	1.1251854	1.1251854	1.1251854	1.1251854
1.1656095	1.1656095	1.1656095	1.1656095	1.1656095
1.393663	1.393663	1.393663	1.393663	1.393663
1.1014998	0.87032634	1.1698935	1.1029234	1.0001267
0.9132784	0.55247545	0.67179173	0.7547134	1.0265659
0.38038906	0.16528118	0.20921703	0.09446482	0.856942
0.4899187	0.25653246	0.3687487	0.12689593	0.6442418
0.54013747	0.35556418	0.59916943	0.3856568	0.8606568
0.57835466	0.456434	0.55930513	0.6756542	0.6393809
0.6829211	0.5230762	0.7835875	0.8140273	0.69482106
0.7745591	0.5391832	0.73983014	0.7844474	0.71090794
0.8348931	0.6396304	0.6656116	0.8424891	0.6756087
0.846812	0.71061724	0.74965954	0.7896447	0.6880053
0.91613495	0.8636901	0.879658	1.1049559	0.75021374
0.7704621	0.7495766	0.9167181	0.92887026	0.92779654
1.2561872	1.0982356	1.2985992	1.3622501	1.2660793
1.3899671	1.3659055	1.3746394	1.4967419	1.6389657
1.43266	1.627313	1.278744	1.8377526	1.6311036

0.67354107	0.67354107	0.67354107	0.67354107	0.67354107
0.6886806	0.6886806	0.6886806	0.6886806	0.6886806
0.70409024	0.70409024	0.70409024	0.70409024	0.70409024
0.74678713	0.74678713	0.74678713	0.74678713	0.74678713
0.7808539	0.7808539	0.7808539	0.7808539	0.7808539
0.76089936	0.76089936	0.76089936	0.76089936	0.76089936
0.74154776	0.74154776	0.74154776	0.74154776	0.74154776
0.7481697	0.7481697	0.7481697	0.7481697	0.7481697
0.7487931	0.7487931	0.7487931	0.7487931	0.7487931
0.7862802	0.7862802	0.7862802	0.7862802	0.7862802
0.7810254	0.7810254	0.7810254	0.7810254	0.7810254
0.78108555	0.78108555	0.78108555	0.78108555	0.78108555
0.8339489	0.8339489	0.8339489	0.8339489	0.8339489
0.8290371	0.8290371	0.8290371	0.8290371	0.8290371
0.8349949	0.8349949	0.8349949	0.8349949	0.8349949
0.8555362	0.8555362	0.8555362	0.8555362	0.8555362
0.8742059	0.8742059	0.8742059	0.8742059	0.8742059
0.88930494	0.88930494	0.88930494	0.88930494	0.88930494
0.93341124	0.93341124	0.93341124	0.93341124	0.93341124
1.0029895	1.0029895	1.0029895	1.0029895	1.0029895
0.86372066	0.86372066	0.86372066	0.86372066	0.86372066
0.8096865	0.8096865	0.8096865	0.8096865	0.8096865
0.7779309	0.7779309	0.7779309	0.7779309	0.7779309
0.74041337	0.74041337	0.74041337	0.74041337	0.74041337
0.8247341	0.8247341	0.8247341	0.8247341	0.8247341
0.69106036	0.69106036	0.69106036	0.69106036	0.69106036
0.7534898	0.7534898	0.7534898	0.7534898	0.7534898
0.7209099	0.7209099	0.7209099	0.7209099	0.7209099
0.68735534	0.68735534	0.68735534	0.68735534	0.68735534
0.87514746	0.87514746	0.87514746	0.87514746	0.87514746
0.94998026	0.94998026	0.94998026	0.94998026	0.94998026
0.7861849	0.7861849	0.7861849	0.7861849	0.7861849
0.9661078	0.9661078	0.9661078	0.9661078	0.9661078
1.0561354	1.0561354	1.0561354	1.0561354	1.0561354
1.4165727	1.4165727	1.4165727	1.4165727	1.4165727
0.9436783	0.8727025	0.9386769	0.9551324	0.7704903
1.0118206	0.9725792	0.9869226	1.0421064	1.0406412
1.0669897	0.9889548	0.99843496	1.0825669	0.9239796
1.1106296	1.0353816	1.1193173	0.96317	1.134478
0.8039129	0.7756277	0.7282606	1.0348155	0.8894293
0.9591517	0.8126498	0.75521815	1.1595927	0.9280353
0.62836546	0.47366044	0.5911291	1.050041	0.5890564
0.9419421	0.768168	0.52666193	0.95677906	0.46869677
0.78345	0.5735481	0.5156871	0.8331489	0.56135964
0.8702197	0.72019637	0.6656493	0.72824126	0.6924426
0.6249746	0.8339867	0.7423156	0.93805265	0.53730935
0.80642784	0.6787138	0.8977963	0.9002618	0.27112088
1.0620577	0.94322926	0.9535197	1.366282	0.15774046
1.1444458	1.2811766	1.3453251	1.1985936	0.30673197
1.299205	1.7757008	0.8452609	1.9908266	0.0

0.9270976	0.9270976	0.9270976	0.9270976	0.9270976	0.9270976	0.9270976	0.9270976	0.9270976	0.9270976	0.9270976	0.9270976	0.9270976	0.9270976	0.9270976
1.0129181	1.0129181	1.0129181	1.0129181	1.0129181	1.0129181	1.0129181	1.0129181	1.0129181	1.0129181	1.0129181	1.0129181	1.0129181	1.0129181	1.0129181
1.0886534	1.0886534	1.0886534	1.0886534	1.0886534	1.0886534	1.0886534	1.0886534	1.0886534	1.0886534	1.0886534	1.0886534	1.0886534	1.0886534	1.0886534
1.1232073	1.1232073	1.1232073	1.1232073	1.1232073	1.1232073	1.1232073	1.1232073	1.1232073	1.1232073	1.1232073	1.1232073	1.1232073	1.1232073	1.1232073
1.0893352	1.0893352	1.0893352	1.0893352	1.0893352	1.0893352	1.0893352	1.0893352	1.0893352	1.0893352	1.0893352	1.0893352	1.0893352	1.0893352	1.0893352
1.0749116	1.0749116	1.0749116	1.0749116	1.0749116	1.0749116	1.0749116	1.0749116	1.0749116	1.0749116	1.0749116	1.0749116	1.0749116	1.0749116	1.0749116
1.1006225	1.1006225	1.1006225	1.1006225	1.1006225	1.1006225	1.1006225	1.1006225	1.1006225	1.1006225	1.1006225	1.1006225	1.1006225	1.1006225	1.1006225
1.079468	1.079468	1.079468	1.079468	1.079468	1.079468	1.079468	1.079468	1.079468	1.079468	1.079468	1.079468	1.079468	1.079468	1.079468
1.0864077	1.0864077	1.0864077	1.0864077	1.0864077	1.0864077	1.0864077	1.0864077	1.0864077	1.0864077	1.0864077	1.0864077	1.0864077	1.0864077	1.0864077
1.079322	1.079322	1.079322	1.079322	1.079322	1.079322	1.079322	1.079322	1.079322	1.079322	1.079322	1.079322	1.079322	1.079322	1.079322
1.0238129	1.0238129	1.0238129	1.0238129	1.0238129	1.0238129	1.0238129	1.0238129	1.0238129	1.0238129	1.0238129	1.0238129	1.0238129	1.0238129	1.0238129
1.0595422	1.0595422	1.0595422	1.0595422	1.0595422	1.0595422	1.0595422	1.0595422	1.0595422	1.0595422	1.0595422	1.0595422	1.0595422	1.0595422	1.0595422
1.0391479	1.0391479	1.0391479	1.0391479	1.0391479	1.0391479	1.0391479	1.0391479	1.0391479	1.0391479	1.0391479	1.0391479	1.0391479	1.0391479	1.0391479
0.965269	0.965269	0.965269	0.965269	0.965269	0.965269	0.965269	0.965269	0.965269	0.965269	0.965269	0.965269	0.965269	0.965269	0.965269
0.9598517	0.9598517	0.9598517	0.9598517	0.9598517	0.9598517	0.9598517	0.9598517	0.9598517	0.9598517	0.9598517	0.9598517	0.9598517	0.9598517	0.9598517
0.96099156	0.96099156	0.96099156	0.96099156	0.96099156	0.96099156	0.96099156	0.96099156	0.96099156	0.96099156	0.96099156	0.96099156	0.96099156	0.96099156	0.96099156
0.92469263	0.92469263	0.92469263	0.92469263	0.92469263	0.92469263	0.92469263	0.92469263	0.92469263	0.92469263	0.92469263	0.92469263	0.92469263	0.92469263	0.92469263
0.9177022	0.9177022	0.9177022	0.9177022	0.9177022	0.9177022	0.9177022	0.9177022	0.9177022	0.9177022	0.9177022	0.9177022	0.9177022	0.9177022	0.9177022
0.8997447	0.8997447	0.8997447	0.8997447	0.8997447	0.8997447	0.8997447	0.8997447	0.8997447	0.8997447	0.8997447	0.8997447	0.8997447	0.8997447	0.8997447
0.9068323	0.9068323	0.9068323	0.9068323	0.9068323	0.9068323	0.9068323	0.9068323	0.9068323	0.9068323	0.9068323	0.9068323	0.9068323	0.9068323	0.9068323
0.8811328	0.8811328	0.8811328	0.8811328	0.8811328	0.8811328	0.8811328	0.8811328	0.8811328	0.8811328	0.8811328	0.8811328	0.8811328	0.8811328	0.8811328
0.81769556	0.81769556	0.81769556	0.81769556	0.81769556	0.81769556	0.81769556	0.81769556	0.81769556	0.81769556	0.81769556	0.81769556	0.81769556	0.81769556	0.81769556
0.74097615	0.74097615	0.74097615	0.74097615	0.74097615	0.74097615	0.74097615	0.74097615	0.74097615	0.74097615	0.74097615	0.74097615	0.74097615	0.74097615	0.74097615
0.6596944	0.6596944	0.6596944	0.6596944	0.6596944	0.6596944	0.6596944	0.6596944	0.6596944	0.6596944	0.6596944	0.6596944	0.6596944	0.6596944	0.6596944
0.62481207	0.62481207	0.62481207	0.62481207	0.62481207	0.62481207	0.62481207	0.62481207	0.62481207	0.62481207	0.62481207	0.62481207	0.62481207	0.62481207	0.62481207
0.5664215	0.5664215	0.5664215	0.5664215	0.5664215	0.5664215	0.5664215	0.5664215	0.5664215	0.5664215	0.5664215	0.5664215	0.5664215	0.5664215	0.5664215
0.5748416	0.5748416	0.5748416	0.5748416	0.5748416	0.5748416	0.5748416	0.5748416	0.5748416	0.5748416	0.5748416	0.5748416	0.5748416	0.5748416	0.5748416
0.50602376	0.50602376	0.50602376	0.50602376	0.50602376	0.50602376	0.50602376	0.50602376	0.50602376	0.50602376	0.50602376	0.50602376	0.50602376	0.50602376	0.50602376
0.49982977	0.49982977	0.49982977	0.49982977	0.49982977	0.49982977	0.49982977	0.49982977	0.49982977	0.49982977	0.49982977	0.49982977	0.49982977	0.49982977	0.49982977
0.4340725	0.4340725	0.4340725	0.4340725	0.4340725	0.4340725	0.4340725	0.4340725	0.4340725	0.4340725	0.4340725	0.4340725	0.4340725	0.4340725	0.4340725
0.43331653	0.43331653	0.43331653	0.43331653	0.43331653	0.43331653	0.43331653	0.43331653	0.43331653	0.43331653	0.43331653	0.43331653	0.43331653	0.43331653	0.43331653
0.5357408	0.5357408	0.5357408	0.5357408	0.5357408	0.5357408	0.5357408	0.5357408	0.5357408	0.5357408	0.5357408	0.5357408	0.5357408	0.5357408	0.5357408
0.49988765	0.49988765	0.49988765	0.49988765	0.49988765	0.49988765	0.49988765	0.49988765	0.49988765	0.49988765	0.49988765	0.49988765	0.49988765	0.49988765	0.49988765
0.54458696	0.54458696	0.54458696	0.54458696	0.54458696	0.54458696	0.54458696	0.54458696	0.54458696	0.54458696	0.54458696	0.54458696	0.54458696	0.54458696	0.54458696
0.56654817	0.56654817	0.56654817	0.56654817	0.56654817	0.56654817	0.56654817	0.56654817	0.56654817	0.56654817	0.56654817	0.56654817	0.56654817	0.56654817	0.56654817
0.908052	0.908052	0.7297183	0.9371577	0.9605518	0.94070333	0.91210645	0.85237867	0.9086162	0.8481597	0.963335	0.8992133	0.882424	0.9853572	0.7492795
1.0883234	1.0883234	1.0890841	1.0650768	1.1224972	1.125939	0.99047565	1.0043476	1.0883234	1.0883234	1.026281	1.0470078	1.0560831	1.1298293	1.0243353
0.983873	0.983873	0.9275468	0.9690883	0.89317185	1.0758418	0.93928427	0.88124883	1.0083776	1.0046762	1.0356156	1.0094206	0.89335525	0.8737708	1.0114529
0.82549965	0.82549965	0.6748681	0.7316353	0.767516	0.8450705	0.7710057	0.6388602	1.000281	1.0037245	0.72825056	0.81082785	0.98482156	0.70816773	0.70645785
0.8585433	0.8585433	0.7065707	0.85562676	0.8792306	0.71296084	0.9923339	0.5673277	1.0016896	1.0040215	0.7300185	0.87248886	0.84021294	0.83746684	0.8160181
0.740857	0.740857	0.63936335	0.60628796	0.6674085	0.6869933	1.0086422	0.63312566	1.001472	1.0012637	0.68146	0.55998814	0.720702	0.55664736	0.76781476
0.70675284	0.70675284	0.5267697	0.5616149	0.5181301	0.66990376	0.647212	0.49812582	1.0007353	1.0025493	0.6608493	0.5540356	0.54946434	0.49985757	0.6358345
0.8045065	0.8045065	0.8124397	0.40777883	0.37698835	0.460103	1.0057048	0.49694303	1.0021302	1.0070146	0.51603395	0.4256335	0.42973346	0.3610727	0.6539971
0.63260746	0.63260746	0.38178444	0.2517871	0.3894787	0.35796934	0.1931662	0.2917886	1.0007358	1.0035821	0.45362303	0.36689997	0.56553006	0.33430842	0.6089805
0.5439855	0.5439855	0.56656986	0.23689769	0.39390334	0.23348026	0.70569426	0.2542616	1.0049	1.0009791	0.4831128	0.24904028	0.2345941	0.31558004	0.54940575
0.3795721	0.3795721	0.29990968	0.18447278	0.16665341	0.16613142	0.0	0.16599664	0.85970604	1.00159	0.37941307	0.21913467	0.23087758	0.2913436	0.4210153
0.37353295	0.37353295	0.42798623	0.23061472	0.34516433	0.2840118	1.2169483	0.2998661	0.7742291	1.0004039	0.30227652	0.28827655	0.23873894	0.27081573	0.41809645
0.27677637	0.27677637	0.23359305	0.23007512	0.2939899	0.16665366	0.18008538	0.18870126	0.7484433	1.0032582	0.31650308	0.19929884	0.29999033	0.23345874	0.3682877
0.3540241	0.3540241	0.43327168	0.29738975	0.43350312	0.23343052	0.26098126	0.3000072	0.8840299	1.0000303	0.36847654	0.23331799	0.2944769	0.3665464	0.3736641
0.38721356	0.38721356	0.2332877	0.44161126	0.50525594	0.16637349	0.3325955	0.24752794	0.9978913	1.0010334	0.44162077	0.31720382	0.3394087	0.36667	0.600278

