2 2 2

0.6789864	0.6789864	0.6789864	0.6789864	0.6789864	0.6789864	0.6789864	0.6789864	0.6789864	0.6789864
0.6384601	0.6384601	0.6384601	0.6384601	0.6384601	0.6384601	0.6384601	0.6384601	0.6384601	0.6384601
0.5341215	0.5341215	0.5341215	0.5341215	0.5341215	0.5341215	0.5341215	0.5341215	0.5341215	0.5341215
0.59136575	0.59136575	0.59136575	0.59136575	0.59136575	0.59136575	0.59136575	0.59136575	0.59136575	0.59136575
0.61134565	0.61134565	0.61134565	0.61134565	0.61134565	0.61134565	0.61134565	0.61134565	0.61134565	0.61134565
0.6270851	0.6270851	0.6270851	0.6270851	0.6270851	0.6270851	0.6270851	0.6270851	0.6270851	0.6270851
0.6571983	0.6571983	0.6571983	0.6571983	0.6571983	0.6571983	0.6571983	0.6571983	0.6571983	0.6571983
0.69115055	0.69115055	0.69115055	0.69115055	0.69115055	0.69115055	0.69115055	0.69115055	0.69115055	0.69115055
0.7032883	0.7032883	0.7032883	0.7032883	0.7032883	0.7032883	0.7032883	0.7032883	0.7032883	0.7032883
0.6998164	0.6998164	0.6998164	0.6998164	0.6998164	0.6998164	0.6998164	0.6998164	0.6998164	0.6998164
0.7386701	0.7386701	0.7386701	0.7386701	0.7386701	0.7386701	0.7386701	0.7386701	0.7386701	0.7386701
0.7511611	0.7511611	0.7511611	0.7511611	0.7511611	0.7511611	0.7511611	0.7511611	0.7511611	0.7511611
0.72609216	0.72609216	0.72609216	0.72609216	0.72609216	0.72609216	0.72609216	0.72609216	0.72609216	0.72609216
0.7689583	0.7689583	0.7689583	0.7689583	0.7689583	0.7689583	0.7689583	0.7689583	0.7689583	0.7689583
0.77397496	0.77397496	0.77397496	0.77397496	0.77397496	0.77397496	0.77397496	0.77397496	0.77397496	0.77397496
0.78347826	0.78347826	0.78347826	0.78347826	0.78347826	0.78347826	0.78347826	0.78347826	0.78347826	0.78347826
0.81000113	0.81000113	0.81000113	0.81000113	0.81000113	0.81000113	0.81000113	0.81000113	0.81000113	0.81000113
0.83385974	0.83385974	0.83385974	0.83385974	0.83385974	0.83385974	0.83385974	0.83385974	0.83385974	0.83385974
0.8338346	0.8338346	0.8338346	0.8338346	0.8338346	0.8338346	0.8338346	0.8338346	0.8338346	0.8338346
0.959266	0.959266	0.959266	0.959266	0.959266	0.959266	0.959266	0.959266	0.959266	0.959266
1.0078341	1.0078341	1.0078341	1.0078341	1.0078341	1.0078341	1.0078341	1.0078341	1.0078341	1.0078341
0.7905926	0.7905926	0.7905926	0.7905926	0.7905926	0.7905926	0.7905926	0.7905926	0.7905926	0.7905926
0.5422588	0.5422588	0.5422588	0.5422588	0.5422588	0.5422588	0.5422588	0.5422588	0.5422588	0.5422588
0.522829	0.522829	0.522829	0.522829	0.522829	0.522829	0.522829	0.522829	0.522829	0.522829
0.5738117	0.5738117	0.5738117	0.5738117	0.5738117	0.5738117	0.5738117	0.5738117	0.5738117	0.5738117
0.47655013	0.47655013	0.47655013	0.47655013	0.47655013	0.47655013	0.47655013	0.47655013	0.47655013	0.47655013
0.6534441	0.6534441	0.6534441	0.6534441	0.6534441	0.6534441	0.6534441	0.6534441	0.6534441	0.6534441
0.71022695	0.71022695	0.71022695	0.71022695	0.71022695	0.71022695	0.71022695	0.71022695	0.71022695	0.71022695
0.8035786	0.8035786	0.8035786	0.8035786	0.8035786	0.8035786	0.8035786	0.8035786	0.8035786	0.8035786
0.8039739	0.8039739	0.8039739	0.8039739	0.8039739	0.8039739	0.8039739	0.8039739	0.8039739	0.8039739
0.938069	0.938069	0.938069	0.938069	0.938069	0.938069	0.938069	0.938069	0.938069	0.938069
0.8337719	0.8337719	0.8337719	0.8337719	0.8337719	0.8337719	0.8337719	0.8337719	0.8337719	0.8337719
1.1972171	1.1972171	1.1972171	1.1972171	1.1972171	1.1972171	1.1972171	1.1972171	1.1972171	1.1972171
1.3958491	1.3958491	1.3958491	1.3958491	1.3958491	1.3958491	1.3958491	1.3958491	1.3958491	1.3958491
1.4248892	1.4248892	1.4248892	1.4248892	1.4248892	1.4248892	1.4248892	1.4248892	1.4248892	1.4248892
1.2149651	1.0963624	1.0528421	0.78197634	0.9336412	1.2668366	1.6584673	1.5429844	1.0674736	1.2900503
0.74587125	0.78564715	0.7300766	0.67603713	1.0486938	1.2545112	1.0628711	1.0355949	1.1666114	1.0638573
1.0790169	0.6498763	0.5628987	0.3856574	0.5209658	1.0820323	1.1118312	0.9231544	1.0218233	1.0028287
0.7867692	0.6789814	0.64727974	0.47900543	0.9772605	1.1123699	1.1411873	0.8029444	0.8314505	0.70070755
0.8884358	0.6142615	0.59266716	0.53408635	0.72215754	0.95981526	0.85624826	0.73687047	0.8752984	0.6783409
0.78399223	0.6553802	0.85882777	0.7166706	0.65828663	0.8155271	0.6474348	0.5599989	0.703602	0.5523915
0.9350385	0.6184433	0.7905602	0.80140954	0.7863578	0.49340677	0.4584992	0.59232336	0.66245216	0.6929414
1.0756907	0.6408538	0.8674713	0.7454537	0.7850884	0.45663986	0.5491146	0.4521521	0.4919089	0.5572713
1.1280683	0.68985754	0.88017327	0.7536292	0.7297073	0.6346125	0.60557145	0.47038418	0.599812	0.82286984
1.1460772	0.8473832	0.8825773	0.8300983	0.7517742	0.5072419	0.6714225	0.68798524	0.38732287	0.8373052
1.165697	0.9423743	1.0498666	0.9505114	0.9404325	0.69152945	0.7340195	0.7477924	0.61729604	0.9828633
1.0815974	0.89755636	0.91772974	0.90110946	0.883397	0.73426056	0.7036118	0.7120022	0.52620804	0.7859606
1.4231362	1.1143113	1.0642455	1.0534322	1.2513454	1.1697735	1.1291837	1.0703987	0.88210243	1.3714372
1.3191216	1.1628425	1.1260555	1.0896337	1.6322254	1.2799844	1.3062155	1.1900123	1.4628472	1.5466
1.4975697	1.4323927	1.3113407	1.4907873	1.9376385	1.2232988	1.2429733	0.8859112	1.5676146	1.5068059

0.6789864	0.6789864	0.6789864	0.6789864	0.6789864	0.6789864	0.6789864	0.6789864	0.6789864	0.6789864
0.6384601	0.6384601	0.6384601	0.6384601	0.6384601	0.6384601	0.6384601	0.6384601	0.6384601	0.6384601
0.5341215	0.5341215	0.5341215	0.5341215	0.5341215	0.5341215	0.5341215	0.5341215	0.5341215	0.5341215
0.59136575	0.59136575	0.59136575	0.59136575	0.59136575	0.59136575	0.59136575	0.59136575	0.59136575	0.59136575
0.61134565	0.61134565	0.61134565	0.61134565	0.61134565	0.61134565	0.61134565	0.61134565	0.61134565	0.61134565
0.6270851	0.6270851	0.6270851	0.6270851	0.6270851	0.6270851	0.6270851	0.6270851	0.6270851	0.6270851
0.6571983	0.6571983	0.6571983	0.6571983	0.6571983	0.6571983	0.6571983	0.6571983	0.6571983	0.6571983
0.69115055	0.69115055	0.69115055	0.69115055	0.69115055	0.69115055	0.69115055	0.69115055	0.69115055	0.69115055
0.7032883	0.7032883	0.7032883	0.7032883	0.7032883	0.7032883	0.7032883	0.7032883	0.7032883	0.7032883
0.6998164	0.6998164	0.6998164	0.6998164	0.6998164	0.6998164	0.6998164	0.6998164	0.6998164	0.6998164
0.7386701	0.7386701	0.7386701	0.7386701	0.7386701	0.7386701	0.7386701	0.7386701	0.7386701	0.7386701
0.7511611	0.7511611	0.7511611	0.7511611	0.7511611	0.7511611	0.7511611	0.7511611	0.7511611	0.7511611
0.72609216	0.72609216	0.72609216	0.72609216	0.72609216	0.72609216	0.72609216	0.72609216	0.72609216	0.72609216
0.7689583	0.7689583	0.7689583	0.7689583	0.7689583	0.7689583	0.7689583	0.7689583	0.7689583	0.7689583
0.77397496	0.77397496	0.77397496	0.77397496	0.77397496	0.77397496	0.77397496	0.77397496	0.77397496	0.77397496
0.78347826	0.78347826	0.78347826	0.78347826	0.78347826	0.78347826	0.78347826	0.78347826	0.78347826	0.78347826
0.81000113	0.81000113	0.81000113	0.81000113	0.81000113	0.81000113	0.81000113	0.81000113	0.81000113	0.81000113
0.83385974	0.83385974	0.83385974	0.83385974	0.83385974	0.83385974	0.83385974	0.83385974	0.83385974	0.83385974
0.8338346	0.8338346	0.8338346	0.8338346	0.8338346	0.8338346	0.8338346	0.8338346	0.8338346	0.8338346
0.959266	0.959266	0.959266	0.959266	0.959266	0.959266	0.959266	0.959266	0.959266	0.959266
1.056859	1.056859	1.056859	1.056859	1.056859	1.056859	1.056859	1.056859	1.056859	1.056859
1.0288559	1.0288559	1.0288559	1.0288559	1.0288559	1.0288559	1.0288559	1.0288559	1.0288559	1.0288559
1.0629817	1.0629817	1.0629817	1.0629817	1.0629817	1.0629817	1.0629817	1.0629817	1.0629817	1.0629817
1.022668	1.022668	1.022668	1.022668	1.022668	1.022668	1.022668	1.022668	1.022668	1.022668
1.0147042	1.0147042	1.0147042	1.0147042	1.0147042	1.0147042	1.0147042	1.0147042	1.0147042	1.0147042
0.9563543	0.9563543	0.9563543	0.9563543	0.9563543	0.9563543	0.9563543	0.9563543	0.9563543	0.9563543
0.81683004	0.81683004	0.81683004	0.81683004	0.81683004	0.81683004	0.81683004	0.81683004	0.81683004	0.81683004
0.8134531	0.8134531	0.8134531	0.8134531	0.8134531	0.8134531	0.8134531	0.8134531	0.8134531	0.8134531
0.72439885	0.72439885	0.72439885	0.72439885	0.72439885	0.72439885	0.72439885	0.72439885	0.72439885	0.72439885
0.750075	0.750075	0.750075	0.750075	0.750075	0.750075	0.750075	0.750075	0.750075	0.750075
0.6988605	0.6988605	0.6988605	0.6988605	0.6988605	0.6988605	0.6988605	0.6988605	0.6988605	0.6988605
0.60851747	0.60851747	0.60851747	0.60851747	0.60851747	0.60851747	0.60851747	0.60851747	0.60851747	0.60851747
0.8567242	0.8567242	0.8567242	0.8567242	0.8567242	0.8567242	0.8567242	0.8567242	0.8567242	0.8567242
0.8541438	0.8541438	0.8541438	0.8541438	0.8541438	0.8541438	0.8541438	0.8541438	0.8541438	0.8541438
1.2523658	1.2523658	1.2523658	1.2523658	1.2523658	1.2523658	1.2523658	1.2523658	1.2523658	1.2523658
0.9054739	0.86006755	0.9713731	0.88551134	0.77834034	1.0195227	0.6211512	0.49262077	0.7137296	0.533028
1.0438931	1.0886724	0.98256105	0.91050184	0.8706439	1.0239747	1.0155714	1.0071334	0.7344352	0.7708147
0.9705614	0.81554806	0.78346443	0.88386387	1.1529267	1.2220631	0.8306032	1.1566646	0.47198656	0.9774873
0.9106164	0.87444216	0.9750207	0.77773637	1.0590085	1.2296666	1.0750841	1.1209246	0.83655226	0.7798106
0.87887675	0.6352704	0.8671491	0.6866111	1.055364	1.1759744	1.1332939	1.1572804	0.5309371	1.1571954
0.9304446	0.6075103	0.64338183	0.72373015	1.163597	1.5086757	0.9664917	1.0544103	0.39696765	0.89508843
0.9833935	0.5339987	0.5625613	0.694374	0.9376246	1.224455	0.9885529	0.7359687	0.57925797	0.9164149
0.93956727	0.5959988	0.6693056	0.7276273	0.6921826	0.9327594	0.5691879	0.58189046	0.15768605	0.6346536
1.0490296	0.6333713	0.69878006	0.7611554	0.59057665	0.8227098	0.61056995	0.7787207	0.22474082	0.747039
1.0525788	0.8823597	0.7517083	0.74852484	0.29611197	0.77100164	0.6361928	0.5393871	0.0	0.7378958
1.0875036	0.7659254	0.724798	0.8425533	0.23998035	0.79818845	0.35055137	0.7418192	0.0	0.7534771
0.9573362	0.8268913	0.8009128	0.83686095	0.34137776	0.3663265	0.55803853	0.5044542	0.0	0.84416187
1.3157972	0.97874206	0.82867426	0.87775093	0.11637948	0.4073727	0.52073693	0.7256227	0.0	0.87368107
1.2317181	0.96855205	0.8858839	0.8876255	0.0	0.07440568	0.37101635	0.5539787	0.12132478	0.65942365
1.4281634	1.492898	1.3152539	1.4390476	0.0	0.49213982	0.52369857	1.2376786	0.5376046	0.5495775

0.93095595	0.93095595	0.93095595	0.93095595	0.93095595	0.93095595	0.93095595	0.93095595	0.93095595	0.93095595	0.93095595	0.93095595	0.93095595	0.93095595	0.93095595	0.93095595	0.93095595	0.93095595	0.93095595	0.93095595
0.93265516	0.93265516	0.93265516	0.93265516	0.93265516	0.93265516	0.93265516	0.93265516	0.93265516	0.93265516	0.93265516	0.93265516	0.93265516	0.93265516	0.93265516	0.93265516	0.93265516	0.93265516	0.93265516	0.93265516
0.9950776	0.9950776	0.9950776	0.9950776	0.9950776	0.9950776	0.9950776	0.9950776	0.9950776	0.9950776	0.9950776	0.9950776	0.9950776	0.9950776	0.9950776	0.9950776	0.9950776	0.9950776	0.9950776	0.9950776
1.1377743	1.1377743	1.1377743	1.1377743	1.1377743	1.1377743	1.1377743	1.1377743	1.1377743	1.1377743	1.1377743	1.1377743	1.1377743	1.1377743	1.1377743	1.1377743	1.1377743	1.1377743	1.1377743	1.1377743
1.1443721	1.1443721	1.1443721	1.1443721	1.1443721	1.1443721	1.1443721	1.1443721	1.1443721	1.1443721	1.1443721	1.1443721	1.1443721	1.1443721	1.1443721	1.1443721	1.1443721	1.1443721	1.1443721	1.1443721
1.145745	1.145745	1.145745	1.145745	1.145745	1.145745	1.145745	1.145745	1.145745	1.145745	1.145745	1.145745	1.145745	1.145745	1.145745	1.145745	1.145745	1.145745	1.145745	1.145745
1.2020081	1.2020081	1.2020081	1.2020081	1.2020081	1.2020081	1.2020081	1.2020081	1.2020081	1.2020081	1.2020081	1.2020081	1.2020081	1.2020081	1.2020081	1.2020081	1.2020081	1.2020081	1.2020081	1.2020081
1.1926762	1.1926762	1.1926762	1.1926762	1.1926762	1.1926762	1.1926762	1.1926762	1.1926762	1.1926762	1.1926762	1.1926762	1.1926762	1.1926762	1.1926762	1.1926762	1.1926762	1.1926762	1.1926762	1.1926762
1.2197882	1.2197882	1.2197882	1.2197882	1.2197882	1.2197882	1.2197882	1.2197882	1.2197882	1.2197882	1.2197882	1.2197882	1.2197882	1.2197882	1.2197882	1.2197882	1.2197882	1.2197882	1.2197882	1.2197882
1.217127	1.217127	1.217127	1.217127	1.217127	1.217127	1.217127	1.217127	1.217127	1.217127	1.217127	1.217127	1.217127	1.217127	1.217127	1.217127	1.217127	1.217127	1.217127	1.217127
1.2358211	1.2358211	1.2358211	1.2358211	1.2358211	1.2358211	1.2358211	1.2358211	1.2358211	1.2358211	1.2358211	1.2358211	1.2358211	1.2358211	1.2358211	1.2358211	1.2358211	1.2358211	1.2358211	1.2358211
1.2220398	1.2220398	1.2220398	1.2220398	1.2220398	1.2220398	1.2220398	1.2220398	1.2220398	1.2220398	1.2220398	1.2220398	1.2220398	1.2220398	1.2220398	1.2220398	1.2220398	1.2220398	1.2220398	1.2220398
1.2540737	1.2540737	1.2540737	1.2540737	1.2540737	1.2540737	1.2540737	1.2540737	1.2540737	1.2540737	1.2540737	1.2540737	1.2540737	1.2540737	1.2540737	1.2540737	1.2540737	1.2540737	1.2540737	1.2540737
1.1951653	1.1951653	1.1951653	1.1951653	1.1951653	1.1951653	1.1951653	1.1951653	1.1951653	1.1951653	1.1951653	1.1951653	1.1951653	1.1951653	1.1951653	1.1951653	1.1951653	1.1951653	1.1951653	1.1951653
1.1767896	1.1767896	1.1767896	1.1767896	1.1767896	1.1767896	1.1767896	1.1767896	1.1767896	1.1767896	1.1767896	1.1767896	1.1767896	1.1767896	1.1767896	1.1767896	1.1767896	1.1767896	1.1767896	1.1767896
1.1670066	1.1670066	1.1670066	1.1670066	1.1670066	1.1670066	1.1670066	1.1670066	1.1670066	1.1670066	1.1670066	1.1670066	1.1670066	1.1670066	1.1670066	1.1670066	1.1670066	1.1670066	1.1670066	1.1670066
1.1074299	1.1074299	1.1074299	1.1074299	1.1074299	1.1074299	1.1074299	1.1074299	1.1074299	1.1074299	1.1074299	1.1074299	1.1074299	1.1074299	1.1074299	1.1074299	1.1074299	1.1074299	1.1074299	1.1074299
1.0716076	1.0716076	1.0716076	1.0716076	1.0716076	1.0716076	1.0716076	1.0716076	1.0716076	1.0716076	1.0716076	1.0716076	1.0716076	1.0716076	1.0716076	1.0716076	1.0716076	1.0716076	1.0716076	1.0716076
0.9417221	0.9417221	0.9417221	0.9417221	0.9417221	0.9417221	0.9417221	0.9417221	0.9417221	0.9417221	0.9417221	0.9417221	0.9417221	0.9417221	0.9417221	0.9417221	0.9417221	0.9417221	0.9417221	0.9417221
0.87488914	0.87488914	0.87488914	0.87488914	0.87488914	0.87488914	0.87488914	0.87488914	0.87488914	0.87488914	0.87488914	0.87488914	0.87488914	0.87488914	0.87488914	0.87488914	0.87488914	0.87488914	0.87488914	0.87488914
0.87867856	0.87867856	0.87867856	0.87867856	0.87867856	0.87867856	0.87867856	0.87867856	0.87867856	0.87867856	0.87867856	0.87867856	0.87867856	0.87867856	0.87867856	0.87867856	0.87867856	0.87867856	0.87867856	0.87867856
0.9448778	0.9448778	0.9448778	0.9448778	0.9448778	0.9448778	0.9448778	0.9448778	0.9448778	0.9448778	0.9448778	0.9448778	0.9448778	0.9448778	0.9448778	0.9448778	0.9448778	0.9448778	0.9448778	0.9448778
0.8098341	0.8098341	0.8098341	0.8098341	0.8098341	0.8098341	0.8098341	0.8098341	0.8098341	0.8098341	0.8098341	0.8098341	0.8098341	0.8098341	0.8098341	0.8098341	0.8098341	0.8098341	0.8098341	0.8098341
0.70730364	0.70730364	0.70730364	0.70730364	0.70730364	0.70730364	0.70730364	0.70730364	0.70730364	0.70730364	0.70730364	0.70730364	0.70730364	0.70730364	0.70730364	0.70730364	0.70730364	0.70730364	0.70730364	0.70730364
0.8024853	0.8024853	0.8024853	0.8024853	0.8024853	0.8024853	0.8024853	0.8024853	0.8024853	0.8024853	0.8024853	0.8024853	0.8024853	0.8024853	0.8024853	0.8024853	0.8024853	0.8024853	0.8024853	0.8024853
0.69327974	0.69327974	0.69327974	0.69327974	0.69327974	0.69327974	0.69327974	0.69327974	0.69327974	0.69327974	0.69327974	0.69327974	0.69327974	0.69327974	0.69327974	0.69327974	0.69327974	0.69327974	0.69327974	0.69327974
0.6302073	0.6302073	0.6302073	0.6302073	0.6302073	0.6302073	0.6302073	0.6302073	0.6302073	0.6302073	0.6302073	0.6302073	0.6302073	0.6302073	0.6302073	0.6302073	0.6302073	0.6302073	0.6302073	0.6302073
0.5627023	0.5627023	0.5627023	0.5627023	0.5627023	0.5627023	0.5627023	0.5627023	0.5627023	0.5627023	0.5627023	0.5627023	0.5627023	0.5627023	0.5627023	0.5627023	0.5627023	0.5627023	0.5627023	0.5627023
0.4448576	0.4448576	0.4448576	0.4448576	0.4448576	0.4448576	0.4448576	0.4448576	0.4448576	0.4448576	0.4448576	0.4448576	0.4448576	0.4448576	0.4448576	0.4448576	0.4448576	0.4448576	0.4448576	0.4448576
0.3869768	0.3869768	0.3869768	0.3869768	0.3869768	0.3869768	0.3869768	0.3869768	0.3869768	0.3869768	0.3869768	0.3869768	0.3869768	0.3869768	0.3869768	0.3869768	0.3869768	0.3869768	0.3869768	0.3869768
0.28617808	0.28617808	0.28617808	0.28617808	0.28617808	0.28617808	0.28617808	0.28617808	0.28617808	0.28617808	0.28617808	0.28617808	0.28617808	0.28617808	0.28617808	0.28617808	0.28617808	0.28617808	0.28617808	0.28617808
0.3106736	0.3106736	0.3106736	0.3106736	0.3106736	0.3106736	0.3106736	0.3106736	0.3106736	0.3106736	0.3106736	0.3106736	0.3106736	0.3106736	0.3106736	0.3106736	0.3106736	0.3106736	0.3106736	0.3106736
0.22457264	0.22457264	0.22457264	0.22457264	0.22457264	0.22457264	0.22457264	0.22457264	0.22457264	0.22457264	0.22457264	0.22457264	0.22457264	0.22457264	0.22457264	0.22457264	0.22457264	0.22457264	0.22457264	0.22457264
0.30624494	0.30624494	0.30624494	0.30624494	0.30624494	0.30624494	0.30624494	0.30624494	0.30624494	0.30624494	0.30624494	0.30624494	0.30624494	0.30624494	0.30624494	0.30624494	0.30624494	0.30624494	0.30624494	0.30624494
0.1865391	0.1865391	0.1865391	0.1865391	0.1865391	0.1865391	0.1865391	0.1865391	0.1865391	0.1865391	0.1865391	0.1865391	0.1865391	0.1865391	0.1865391	0.1865391	0.1865391	0.1865391	0.1865391	0.1865391
0.908052	0.908052	0.8988104	0.6616233	0.77762824	1.0548527	0.42950484	0.7270124	0.7933967	1.0022553	0.55528605	1.0434029	0.78755784	0.7158387	0.7428531	1.0890492	1.1327616	0.99735415	0.7319733	0.95351034
1.0883234	1.0883234	0.36305985	0.46975455	0.956818	1.064221	0.831596	0.49798086	1.0883234	1.0883234	0.5795115	0.95476836	0.61489755	0.53665394	0.9343098	1.2091167	1.140402	0.97130257	0.97155076	1.0673573
0.983873	0.983873	0.45547324	0.46179885	0.8092695	1.0689358	0.55649453	0.86515516	1.0033392	0.95296365	0.6437724	1.3038992	0.8481964	0.18538347	0.89689994	1.2452644	0.9786795	0.96358436	0.74675006	1.0354314
0.82549965	0.82549965	0.35853454	0.38470656	0.67504597	1.1040004	0.16316094	0.51097715	1.0011117	1.0030792	0.3521619	0.6737275	0.43757874	0.26218313	0.91572237	1.1231909	1.0279142	0.82424587	0.8774564	0.6062575
0.8585433	0.8585433	0.32088476	0.16722229	0.6843647	1.2588276	0.2162151	0.29200926	1.0044075	0.82147074	0.28721887	0.6729444	0.43412313	0.16901374	0.8314235	1.1182196	0.96047723	0.719318	0.6456399	0.72137696
0.740857	0.740857	0.24340145	0.30468246	0.39740705	1.1312914	0.06068064	0.2387297	1.0004448	1.004458	0.20586	1.028115	0.38512135	0.04490297	0.8493378	1.0952362	0.7517628	0.7251979	0.60280085	0.6728471
0.70675284	0.70675284	0.25284684	0.2660469	0.35980862	0.703939	0.1038711	0.3135694	1.0009185	0.48256335	0.2402761	0.9496547	0.2789975	0.1782361	0.8998138	0.94773364	0.781209	0.5611795	0.60936576	0.7971289
0.8045065	0.8045065	0.25801694	0.23816293	0.1873677	0.64482385	0.087061465	0.1645539	1.0055956	0.81418616	0.21145478	0.48006883	0.28315923	0.0989232	0.7797062	0.8404147	0.5994447	0.5343114	0.5452813	0.71969855
0.63260746	0.63260746	0.23873204	0.24325863	0.22706428	0.30937612	0.09218766	0.1020294	1.0051935	0.8820844	0.23690967	1.0178891	0.17322038	0.16740656	0.51483804	0.5156766	0.41061577	0.39636084	0.50865924	0.67931455
0.5439855	0.5439855	0.28339282	0.2176535	0.114023484	0.3458147	0.02065557	0.18805552	1.0058498	0.94173735	0.20524932	0.62023014	0.09927197	0.17342372	0.38864323	0.46256396	0.39887112	0.45707312	0.7609533	0.7304018
0.3795721	0.3795721	0.30659285	0.2096283	0.22525164	0.13785532	0.03265344	0.041867714	1.0040903	1.0117707	0.23529938	0.44042283	0.10497525	0.17349726	0.39880925	0.3667492	0.31161106	0.37529233	0.6114205	0.5388786
0.37353295	0.37353295	0.43693227	0.282109	0.18379691	0.19179945	0.16457747	0.15155962	1.0015416	0.98466194	0.24721825	0.53070885	0.07090281	0.1861299	0.3626158	0.30642116	0.38816726	0.34073472	0.63136184	0.65538293
0.27677637	0.27677637	0.3581493	0.26226017	0.24511029	0.22714512	0.09400839	0.115606025	1.0028673	0.90528977	0.33256185	0.43208396	0.046283126	0.21813664	0.29660866	0.262758	0.28122345	0.3717165	0.4357974	0.49348494
0.3540241	0.3540241	0.52443	0.37270173	0.27714097	0.28697973	0.23384376	0.16291127	1.0088115	1.0046527	0.3866418	0.6204026	0.05340522	0.20204294	0.3912645	0.18156925	0.26134118	0.31826374	0.29686093	0.4703521
0.38721356	0.38721356	0.60331005	0.3644821	0.34032834	0.21024317	0.24871065	0.043187276	1.0006261	1.007078	0.3967102	0.7243922	0.0	0.29701832	0.7289555	0.24404898	0.26492932	0.34850284	0.46082482	0.55030006

