2 2 2

0.6665656	0.6665656	0.6665656	0.6665656	0.6665656	0.6665656	0.6665656	0.6665656	0.6665656	0.6665656	0.6665656	0.6665656	0.6665656	0.6665656	0.6665656	0.6665656	0.6665656	0.6665656
0.6905678	0.6905678	0.6905678	0.6905678	0.6905678	0.6905678	0.6905678	0.6905678	0.6905678	0.6905678	0.6905678	0.6905678	0.6905678	0.6905678	0.6905678	0.6905678	0.6905678	0.6905678
0.74709207	0.74709207	0.74709207	0.74709207	0.74709207	0.74709207	0.74709207	0.74709207	0.74709207	0.74709207	0.74709207	0.74709207	0.74709207	0.74709207	0.74709207	0.74709207	0.74709207	0.74709207
0.70484656	0.70484656	0.70484656	0.70484656	0.70484656	0.70484656	0.70484656	0.70484656	0.70484656	0.70484656	0.70484656	0.70484656	0.70484656	0.70484656	0.70484656	0.70484656	0.70484656	0.70484656
0.63719463	0.63719463	0.63719463	0.63719463	0.63719463	0.63719463	0.63719463	0.63719463	0.63719463	0.63719463	0.63719463	0.63719463	0.63719463	0.63719463	0.63719463	0.63719463	0.63719463	0.63719463
0.60883397	0.60883397	0.60883397	0.60883397	0.60883397	0.60883397	0.60883397	0.60883397	0.60883397	0.60883397	0.60883397	0.60883397	0.60883397	0.60883397	0.60883397	0.60883397	0.60883397	0.60883397
0.67692053	0.67692053	0.67692053	0.67692053	0.67692053	0.67692053	0.67692053	0.67692053	0.67692053	0.67692053	0.67692053	0.67692053	0.67692053	0.67692053	0.67692053	0.67692053	0.67692053	0.67692053
0.5655622	0.5655622	0.5655622	0.5655622	0.5655622	0.5655622	0.5655622	0.5655622	0.5655622	0.5655622	0.5655622	0.5655622	0.5655622	0.5655622	0.5655622	0.5655622	0.5655622	0.5655622
0.6300152	0.6300152	0.6300152	0.6300152	0.6300152	0.6300152	0.6300152	0.6300152	0.6300152	0.6300152	0.6300152	0.6300152	0.6300152	0.6300152	0.6300152	0.6300152	0.6300152	0.6300152
0.6249907	0.6249907	0.6249907	0.6249907	0.6249907	0.6249907	0.6249907	0.6249907	0.6249907	0.6249907	0.6249907	0.6249907	0.6249907	0.6249907	0.6249907	0.6249907	0.6249907	0.6249907
0.6374027	0.6374027	0.6374027	0.6374027	0.6374027	0.6374027	0.6374027	0.6374027	0.6374027	0.6374027	0.6374027	0.6374027	0.6374027	0.6374027	0.6374027	0.6374027	0.6374027	0.6374027
0.7156082	0.7156082	0.7156082	0.7156082	0.7156082	0.7156082	0.7156082	0.7156082	0.7156082	0.7156082	0.7156082	0.7156082	0.7156082	0.7156082	0.7156082	0.7156082	0.7156082	0.7156082
0.67954606	0.67954606	0.67954606	0.67954606	0.67954606	0.67954606	0.67954606	0.67954606	0.67954606	0.67954606	0.67954606	0.67954606	0.67954606	0.67954606	0.67954606	0.67954606	0.67954606	0.67954606
0.75496936	0.75496936	0.75496936	0.75496936	0.75496936	0.75496936	0.75496936	0.75496936	0.75496936	0.75496936	0.75496936	0.75496936	0.75496936	0.75496936	0.75496936	0.75496936	0.75496936	0.75496936
0.77134424	0.77134424	0.77134424	0.77134424	0.77134424	0.77134424	0.77134424	0.77134424	0.77134424	0.77134424	0.77134424	0.77134424	0.77134424	0.77134424	0.77134424	0.77134424	0.77134424	0.77134424
0.77597207	0.77597207	0.77597207	0.77597207	0.77597207	0.77597207	0.77597207	0.77597207	0.77597207	0.77597207	0.77597207	0.77597207	0.77597207	0.77597207	0.77597207	0.77597207	0.77597207	0.77597207
0.821693	0.821693	0.821693	0.821693	0.821693	0.821693	0.821693	0.821693	0.821693	0.821693	0.821693	0.821693	0.821693	0.821693	0.821693	0.821693	0.821693	0.821693
0.871329	0.871329	0.871329	0.871329	0.871329	0.871329	0.871329	0.871329	0.871329	0.871329	0.871329	0.871329	0.871329	0.871329	0.871329	0.871329	0.871329	0.871329
0.86880195	0.86880195	0.86880195	0.86880195	0.86880195	0.86880195	0.86880195	0.86880195	0.86880195	0.86880195	0.86880195	0.86880195	0.86880195	0.86880195	0.86880195	0.86880195	0.86880195	0.86880195
0.9704636	0.9704636	0.9704636	0.9704636	0.9704636	0.9704636	0.9704636	0.9704636	0.9704636	0.9704636	0.9704636	0.9704636	0.9704636	0.9704636	0.9704636	0.9704636	0.9704636	0.9704636
1.0209638	1.0209638	1.0209638	1.0209638	1.0209638	1.0209638	1.0209638	1.0209638	1.0209638	1.0209638	1.0209638	1.0209638	1.0209638	1.0209638	1.0209638	1.0209638	1.0209638	1.0209638
0.89292777	0.89292777	0.89292777	0.89292777	0.89292777	0.89292777	0.89292777	0.89292777	0.89292777	0.89292777	0.89292777	0.89292777	0.89292777	0.89292777	0.89292777	0.89292777	0.89292777	0.89292777
0.7775319	0.7775319	0.7775319	0.7775319	0.7775319	0.7775319	0.7775319	0.7775319	0.7775319	0.7775319	0.7775319	0.7775319	0.7775319	0.7775319	0.7775319	0.7775319	0.7775319	0.7775319
0.6814319	0.6814319	0.6814319	0.6814319	0.6814319	0.6814319	0.6814319	0.6814319	0.6814319	0.6814319	0.6814319	0.6814319	0.6814319	0.6814319	0.6814319	0.6814319	0.6814319	0.6814319
0.64970523	0.64970523	0.64970523	0.64970523	0.64970523	0.64970523	0.64970523	0.64970523	0.64970523	0.64970523	0.64970523	0.64970523	0.64970523	0.64970523	0.64970523	0.64970523	0.64970523	0.64970523
0.5548437	0.5548437	0.5548437	0.5548437	0.5548437	0.5548437	0.5548437	0.5548437	0.5548437	0.5548437	0.5548437	0.5548437	0.5548437	0.5548437	0.5548437	0.5548437	0.5548437	0.5548437
0.7117084	0.7117084	0.7117084	0.7117084	0.7117084	0.7117084	0.7117084	0.7117084	0.7117084	0.7117084	0.7117084	0.7117084	0.7117084	0.7117084	0.7117084	0.7117084	0.7117084	0.7117084
0.7482946	0.7482946	0.7482946	0.7482946	0.7482946	0.7482946	0.7482946	0.7482946	0.7482946	0.7482946	0.7482946	0.7482946	0.7482946	0.7482946	0.7482946	0.7482946	0.7482946	0.7482946
0.71255636	0.71255636	0.71255636	0.71255636	0.71255636	0.71255636	0.71255636	0.71255636	0.71255636	0.71255636	0.71255636	0.71255636	0.71255636	0.71255636	0.71255636	0.71255636	0.71255636	0.71255636
0.7920205	0.7920205	0.7920205	0.7920205	0.7920205	0.7920205	0.7920205	0.7920205	0.7920205	0.7920205	0.7920205	0.7920205	0.7920205	0.7920205	0.7920205	0.7920205	0.7920205	0.7920205
0.8993199	0.8993199	0.8993199	0.8993199	0.8993199	0.8993199	0.8993199	0.8993199	0.8993199	0.8993199	0.8993199	0.8993199	0.8993199	0.8993199	0.8993199	0.8993199	0.8993199	0.8993199
0.8438179	0.8438179	0.8438179	0.8438179	0.8438179	0.8438179	0.8438179	0.8438179	0.8438179	0.8438179	0.8438179	0.8438179	0.8438179	0.8438179	0.8438179	0.8438179	0.8438179	0.8438179
1.245703	1.245703	1.245703	1.245703	1.245703	1.245703	1.245703	1.245703	1.245703	1.245703	1.245703	1.245703	1.245703	1.245703	1.245703	1.245703	1.245703	1.245703
1.2437562	1.2437562	1.2437562	1.2437562	1.2437562	1.2437562	1.2437562	1.2437562	1.2437562	1.2437562	1.2437562	1.2437562	1.2437562	1.2437562	1.2437562	1.2437562	1.2437562	1.2437562
1.3060583	1.3060583	1.3060583	1.3060583	1.3060583	1.3060583	1.3060583	1.3060583	1.3060583	1.3060583	1.3060583	1.3060583	1.3060583	1.3060583	1.3060583	1.3060583	1.3060583	1.3060583
1.2216647	1.2936968	1.2407371	1.1460084	1.333076	1.1401228	1.2340293	0.99491936	1.0959213	0.79760283	1.0672325	0.99958	1.0563256	1.1816548	1.0650711	1.28884	0.6528872	0.96489036
1.1554738	1.2498299	1.2314571	1.327516	1.0769547	0.672282	0.89895	0.9223597	1.1534044	0.51771003	0.76979476	0.90519726	1.0614228	0.8184459	0.87627834	0.9698398	0.807418	1.0061274
1.1647567	0.5894051	0.924496	0.38929617	0.850735	0.7322808	0.6535673	0.7263253	0.71728516	0.67940027	0.53481615	0.8416251	0.65950406	0.81105745	0.76555854	0.71750754	0.7620629	0.8786771
0.7077653	0.32175887	0.57798153	0.22173227	0.8350548	0.52935547	0.6975462	0.79605186	0.8086543	0.6263664	0.83405393	0.66190714	0.8604792	0.6857286	0.9960626	0.78593564	0.8666903	0.9241763
0.940668	0.38892052	0.7026907	0.4489968	0.53174096	0.35889733	0.6116418	0.6795472	0.70616716	0.60439426	0.8206006	0.6339388	0.7388852	0.8310395	0.79458296	0.7068935	1.0269396	0.9074186
1.0838592	0.41292858	0.72672	0.47367892	0.26885882	0.4946452	0.548704	0.505591	0.6025603	0.51486415	0.55992424	0.58622414	0.59803957	0.69467694	0.7343405	0.50280017	0.806431	0.6624065
1.1325127	0.5710342	0.82721084	0.65249175	0.5157887	0.5065416	0.50523114	0.4326354	0.5470595	0.60847545	0.6426408	0.48850957	0.6109799	0.84854114	0.68915963	0.59635127	0.7417525	0.61254907
1.1169189	0.65513015	0.87592864	0.7128036	0.5189715	0.44429696	0.33141196	0.3252314	0.39318585	0.4937948	0.5068929	0.37178487	0.55514884	0.7629849	0.6687796	0.46385488	0.6624474	0.57174325
1.0407205	0.6448664	0.811553	0.7950252	0.5013326	0.63160485	0.42668986	0.43440425	0.59010714	0.64033043	0.5917303	0.49713305	0.49462563	0.7096918	0.7424097	0.65858537	0.7451666	0.603333
0.9873813	0.7711393	0.7841016	0.8670083	0.45538196	0.5547315	0.4541796	0.46799758	0.5004133	0.6748175	0.5421351	0.47408766	0.55377114	0.81512296	0.7211444	0.5389512	0.6464924	0.5693081
1.1155604	0.89019525	0.9999737	0.92737424	0.78680456	0.6028209	0.5731413	0.62149006	0.7146079	0.7728913	0.76791966	0.7045778	0.76422995	0.82371247	0.8444675	0.773192	0.7947979	0.507801
1.0586193	0.748086	0.9453223	0.8707559	0.65924495	0.4277433	0.49837217	0.52491885	0.6027463	0.8620456	0.7113239	0.55930513	0.8355785	0.83162403	0.8060634	0.80666727	0.8281607	0.5142871
1.2428482	0.9186635	1.0792471	1.0742656	1.3319777	0.96106684	0.73699427	0.8294036	1.2520486	1.458201	1.1734103	0.8519963	1.1891708	1.2523769	1.237432	1.4853746	1.3940103	1.0459172
1.2155075	0.94959724	1.0850449	1.0487798	1.7737824	1.063513	1.2059263	1.0597168	1.6262012	1.5677589	1.4482837	1.2520703	1.5961186	1.4424719	1.4166032	1.6694468	1.515129	1.4255264
1.520125	1.468403	1.7009406	1.4459298	1.7578429	1.0738668	1.1607878	0.90241647	1.7766016	1.6215898	1.4974917	1.2724389	1.5811954	1.5368158	1.4242066	1.952421	1.2849499	0.98798966

0.6665656	0.6665656	0.6665656	0.6665656	0.6665656	0.6665656	0.6665656	0.6665656	0.6665656	0.6665656	0.6665656	0.6665656	0.6665656	0.6665656	0.6665656	0.6665656	0.6665656	0.6665656
0.6905678	0.6905678	0.6905678	0.6905678	0.6905678	0.6905678	0.6905678	0.6905678	0.6905678	0.6905678	0.6905678	0.6905678	0.6905678	0.6905678	0.6905678	0.6905678	0.6905678	0.6905678
0.74709207	0.74709207	0.74709207	0.74709207	0.74709207	0.74709207	0.74709207	0.74709207	0.74709207	0.74709207	0.74709207	0.74709207	0.74709207	0.74709207	0.74709207	0.74709207	0.74709207	0.74709207
0.70484656	0.70484656	0.70484656	0.70484656	0.70484656	0.70484656	0.70484656	0.70484656	0.70484656	0.70484656	0.70484656	0.70484656	0.70484656	0.70484656	0.70484656	0.70484656	0.70484656	0.70484656
0.63719463	0.63719463	0.63719463	0.63719463	0.63719463	0.63719463	0.63719463	0.63719463	0.63719463	0.63719463	0.63719463	0.63719463	0.63719463	0.63719463	0.63719463	0.63719463	0.63719463	0.63719463
0.60883397	0.60883397	0.60883397	0.60883397	0.60883397	0.60883397	0.60883397	0.60883397	0.60883397	0.60883397	0.60883397	0.60883397	0.60883397	0.60883397	0.60883397	0.60883397	0.60883397	0.60883397
0.67692053	0.67692053	0.67692053	0.67692053	0.67692053	0.67692053	0.67692053	0.67692053	0.67692053	0.67692053	0.67692053	0.67692053	0.67692053	0.67692053	0.67692053	0.67692053	0.67692053	0.67692053
0.5655622	0.5655622	0.5655622	0.5655622	0.5655622	0.5655622	0.5655622	0.5655622	0.5655622	0.5655622	0.5655622	0.5655622	0.5655622	0.5655622	0.5655622	0.5655622	0.5655622	0.5655622
0.6300152	0.6300152	0.6300152	0.6300152	0.6300152	0.6300152	0.6300152	0.6300152	0.6300152	0.6300152	0.6300152	0.6300152	0.6300152	0.6300152	0.6300152	0.6300152	0.6300152	0.6300152
0.6249907	0.6249907	0.6249907	0.6249907	0.6249907	0.6249907	0.6249907	0.6249907	0.6249907	0.6249907	0.6249907	0.6249907	0.6249907	0.6249907	0.6249907	0.6249907	0.6249907	0.6249907
0.6374027	0.6374027	0.6374027	0.6374027	0.6374027	0.6374027	0.6374027	0.6374027	0.6374027	0.6374027	0.6374027	0.6374027	0.6374027	0.6374027	0.6374027	0.6374027	0.6374027	0.6374027
0.7156082	0.7156082	0.7156082	0.7156082	0.7156082	0.7156082	0.7156082	0.7156082	0.7156082	0.7156082	0.7156082	0.7156082	0.7156082	0.7156082	0.7156082	0.7156082	0.7156082	0.7156082
0.67954606	0.67954606	0.67954606	0.67954606	0.67954606	0.67954606	0.67954606	0.67954606	0.67954606	0.67954606	0.67954606	0.67954606	0.67954606	0.67954606	0.67954606	0.67954606	0.67954606	0.67954606
0.75496936	0.75496936	0.75496936	0.75496936	0.75496936	0.75496936	0.75496936	0.75496936	0.75496936	0.75496936	0.75496936	0.75496936	0.75496936	0.75496936	0.75496936	0.75496936	0.75496936	0.75496936
0.77134424	0.77134424	0.77134424	0.77134424	0.77134424	0.77134424	0.77134424	0.77134424	0.77134424	0.77134424	0.77134424	0.77134424	0.77134424	0.77134424	0.77134424	0.77134424	0.77134424	0.77134424
0.77597207	0.77597207	0.77597207	0.77597207	0.77597207	0.77597207	0.77597207	0.77597207	0.77597207	0.77597207	0.77597207	0.77597207	0.77597207	0.77597207	0.77597207	0.77597207	0.77597207	0.77597207
0.821693	0.821693	0.821693	0.821693	0.821693	0.821693	0.821693	0.821693	0.821693	0.821693	0.821693	0.821693	0.821693	0.821693	0.821693	0.821693	0.821693	0.821693
0.871329	0.871329	0.871329	0.871329	0.871329	0.871329	0.871329	0.871329	0.871329	0.871329	0.871329	0.871329	0.871329	0.871329	0.871329	0.871329	0.871329	0.871329
0.86880195	0.86880195	0.86880195	0.86880195	0.86880195	0.86880195	0.86880195	0.86880195	0.86880195	0.86880195	0.86880195	0.86880195	0.86880195	0.86880195	0.86880195	0.86880195	0.86880195	0.86880195
0.9704636	0.9704636	0.9704636	0.9704636	0.9704636	0.9704636	0.9704636	0.9704636	0.9704636	0.9704636	0.9704636	0.9704636	0.9704636	0.9704636	0.9704636	0.9704636	0.9704636	0.9704636
0.9073847	0.9073847	0.9073847	0.9073847	0.9073847	0.9073847	0.9073847	0.9073847	0.9073847	0.9073847	0.9073847	0.9073847	0.9073847	0.9073847	0.9073847	0.9073847	0.9073847	0.9073847
1.0228686	1.0228686	1.0228686	1.0228686	1.0228686	1.0228686	1.0228686	1.0228686	1.0228686	1.0228686	1.0228686	1.0228686	1.0228686	1.0228686	1.0228686	1.0228686	1.0228686	1.0228686
1.0361255	1.0361255	1.0361255	1.0361255	1.0361255	1.0361255	1.0361255	1.0361255	1.0361255	1.0361255	1.0361255	1.0361255	1.0361255	1.0361255	1.0361255	1.0361255	1.0361255	1.0361255
0.9978597	0.9978597	0.9978597	0.9978597	0.9978597	0.9978597	0.9978597	0.9978597	0.9978597	0.9978597	0.9978597	0.9978597	0.9978597	0.9978597	0.9978597	0.9978597	0.9978597	0.9978597
0.9997757	0.9997757	0.9997757	0.9997757	0.9997757	0.9997757	0.9997757	0.9997757	0.9997757	0.9997757	0.9997757	0.9997757	0.9997757	0.9997757	0.9997757	0.9997757	0.9997757	0.9997757
0.946023	0.946023	0.946023	0.946023	0.946023	0.946023	0.946023	0.946023	0.946023	0.946023	0.946023	0.946023	0.946023	0.946023	0.946023	0.946023	0.946023	0.946023
0.8378726	0.8378726	0.8378726	0.8378726	0.8378726	0.8378726	0.8378726	0.8378726	0.8378726	0.8378726	0.8378726	0.8378726	0.8378726	0.8378726	0.8378726	0.8378726	0.8378726	0.8378726
0.7649366	0.7649366	0.7649366	0.7649366	0.7649366	0.7649366	0.7649366	0.7649366	0.7649366	0.7649366	0.7649366	0.7649366	0.7649366	0.7649366	0.7649366	0.7649366	0.7649366	0.7649366
0.8201838	0.8201838	0.8201838	0.8201838	0.8201838	0.8201838	0.8201838	0.8201838	0.8201838	0.8201838	0.8201838	0.8201838	0.8201838	0.8201838	0.8201838	0.8201838	0.8201838	0.8201838
0.6918335	0.6918335	0.6918335	0.6918335	0.6918335	0.6918335	0.6918335	0.6918335	0.6918335	0.6918335	0.6918335	0.6918335	0.6918335	0.6918335	0.6918335	0.6918335	0.6918335	0.6918335
0.80038047	0.80038047	0.80038047	0.80038047	0.80038047	0.80038047	0.80038047	0.80038047	0.80038047	0.80038047	0.80038047	0.80038047	0.80038047	0.80038047	0.80038047	0.80038047	0.80038047	0.80038047
0.71876013	0.71876013	0.71876013	0.71876013	0.71876013	0.71876013	0.71876013	0.71876013	0.71876013	0.71876013	0.71876013	0.71876013	0.71876013	0.71876013	0.71876013	0.71876013	0.71876013	0.71876013
0.870709	0.870709	0.870709	0.870709	0.870709	0.870709	0.870709	0.870709	0.870709	0.870709	0.870709	0.870709	0.870709	0.870709	0.870709	0.870709	0.870709	0.870709
1.012073	1.012073	1.012073	1.012073	1.012073	1.012073	1.012073	1.012073	1.012073	1.012073	1.012073	1.012073	1.012073	1.012073	1.012073	1.012073	1.012073	1.012073
1.1168602	1.1168602	1.1168602	1.1168602	1.1168602	1.1168602	1.1168602	1.1168602	1.1168602	1.1168602	1.1168602	1.1168602	1.1168602	1.1168602	1.1168602	1.1168602	1.1168602	1.1168602
1.0394155	0.9536399	1.1049663	1.0753939	0.59431565	0.21444322	0.6350211	0.6213295	0.79444087	0.4807355	0.5540783	0.74084294	0.46358114	0.51920235	0.74565876	0.5342279	0.6953707	0.43400833
1.0601565	0.91681504	1.0042846	1.0375289	0.89073163	0.7426383	0.6530811	0.73342896	0.6705878	0.809999	0.9789405	0.93302506	0.7324992	0.7552203	0.9251092	0.9643434	0.33504894	0.84978867
1.1382124	0.76430476	0.9641031	1.0977044	0.63433397	0.22084446	0.632201	0.7033413	0.74470186	0.78906906	0.86760664	0.5468347	0.66487354	0.66268057	0.7887829	0.640414	0.7939718	0.48936537
1.363874	0.8887136	1.0188729	0.64012235	0.5856558	0.9449996	0.8381256	0.51077473	0.57651156	0.5963082	0.7249112	0.6108925	0.6017717	0.68333757	0.64639986	0.67781514	0.51021075	0.46082568
1.1266011	0.7187403	0.85373724	0.51927465	1.1240731	1.0194056	0.691807	0.71984273	0.6010125	0.38323355	0.62878543	0.6397837	0.61023796	0.79290146	0.58846366	0.47615173	0.662906	0.83817905
0.94776857	0.26384535	0.87483054	0.5488997	0.84101915	0.733676	0.8276805	0.8209394	0.6242138	0.6280379	0.8196502	0.73213345	0.50066525	0.7866225	0.716396	0.7245254	0.7025268	0.8450938
0.92204744	0.43276015	0.53874063	0.5073944	0.09585568	0.7993078	0.666211	0.83984554	0.49919963	0.31962734	0.520649	0.67824423	0.48743242	0.69154274	0.56038743	0.36880708	0.6302829	0.67893517
0.7387247	0.38682535	0.70226043	0.60558975	0.18126671	0.61588836	0.81187415	0.7553377	0.14796506	0.27970934	0.6691562	0.75395983	0.3238326	0.6163018	0.61088085	0.47257257	0.6889927	0.5141817
0.8191227	0.30944508	0.7369973	0.44328216	0.26909578	0.53332496	0.8252435	0.84026897	0.20817383	0.5128533	0.6687847	0.6141405	0.7924107	0.68211913	0.6344479	0.38564476	0.66878945	0.6751067
0.8432514	0.5481721	0.53018653	0.64264935	0.18402375	0.60790074	0.7511615	0.7214671	0.16678306	0.09825723	0.7526811	0.6124462	0.5059546	0.6263466	0.695662	0.41798118	0.8099145	0.6218216
0.81204677	0.59041524	0.9557907	0.63809466	0.0	0.76300156	0.8956706	0.69761026	0.0	0.5202051	0.42593557	0.49713764	0.47376704	0.84960485	0.7680694	0.24767692	0.63355976	0.9083553
0.9144059	0.60468924	0.9619161	0.7632762	0.0	0.7371203	0.6680459	0.48638782	0.10702432	0.0	0.3749683	0.5410547	0.18897398	0.746161	0.71562696	0.10527925	0.5700447	0.65775305
1.19421	0.7458279	0.9743283	0.917023	0.20711733	0.70715636	0.91754717	0.63258195	0.0	0.0	0.18855496	0.0	0.50723726	0.8549683	0.70650375	0.0	0.316534	0.3369043
1.146018	0.8411235	1.0053728	0.9804954	0.0	0.4756224	0.5477171	0.51189643	0.13569774	0.0	0.0	0.097825035	0.0	1.0460633	0.67579484	0.0	0.64736557	0.20918435
1.5243676	1.5131311	1.631401	1.4536691	0.0	0.7857786	0.6765302	1.235914	0.07001846	0.26004142	0.09002659	0.83543825	0.10048374	0.34079543	0.6373147	0.0	0.6441354	1.1495732

0.9192994	0.9192994	0.9192994	0.9192994	0.9192994	0.9192994	0.9192994	0.9192994	0.9192994	0.9192994	0.9192994	0.9192994	0.9192994	0.9192994	0.9192994	0.9192994	0.9192994	0.9192994	0.9192994	0.9192994	0.9192994	0.9192994	0.9192994	0.9192994	0.9192994	0.9192994	0.9192994	0.9192994
0.9992313	0.9992313	0.9992313	0.9992313	0.9992313	0.9992313	0.9992313	0.9992313	0.9992313	0.9992313	0.9992313	0.9992313	0.9992313	0.9992313	0.9992313	0.9992313	0.9992313	0.9992313	0.9992313	0.9992313	0.9992313	0.9992313	0.9992313	0.9992313	0.9992313	0.9992313	0.9992313	0.9992313
1.0452049	1.0452049	1.0452049	1.0452049	1.0452049	1.0452049	1.0452049	1.0452049	1.0452049	1.0452049	1.0452049	1.0452049	1.0452049	1.0452049	1.0452049	1.0452049	1.0452049	1.0452049	1.0452049	1.0452049	1.0452049	1.0452049	1.0452049	1.0452049	1.0452049	1.0452049	1.0452049	1.0452049
0.95223963	0.95223963	0.95223963	0.95223963	0.95223963	0.95223963	0.95223963	0.95223963	0.95223963	0.95223963	0.95223963	0.95223963	0.95223963	0.95223963	0.95223963	0.95223963	0.95223963	0.95223963	0.95223963	0.95223963	0.95223963	0.95223963	0.95223963	0.95223963	0.95223963	0.95223963	0.95223963	0.95223963
0.9610143	0.9610143	0.9610143	0.9610143	0.9610143	0.9610143	0.9610143	0.9610143	0.9610143	0.9610143	0.9610143	0.9610143	0.9610143	0.9610143	0.9610143	0.9610143	0.9610143	0.9610143	0.9610143	0.9610143	0.9610143	0.9610143	0.9610143	0.9610143	0.9610143	0.9610143	0.9610143	0.9610143
1.0207362	1.0207362	1.0207362	1.0207362	1.0207362	1.0207362	1.0207362	1.0207362	1.0207362	1.0207362	1.0207362	1.0207362	1.0207362	1.0207362	1.0207362	1.0207362	1.0207362	1.0207362	1.0207362	1.0207362	1.0207362	1.0207362	1.0207362	1.0207362	1.0207362	1.0207362	1.0207362	1.0207362
1.1095325	1.1095325	1.1095325	1.1095325	1.1095325	1.1095325	1.1095325	1.1095325	1.1095325	1.1095325	1.1095325	1.1095325	1.1095325	1.1095325	1.1095325	1.1095325	1.1095325	1.1095325	1.1095325	1.1095325	1.1095325	1.1095325	1.1095325	1.1095325	1.1095325	1.1095325	1.1095325	1.1095325
0.96276486	0.96276486	0.96276486	0.96276486	0.96276486	0.96276486	0.96276486	0.96276486	0.96276486	0.96276486	0.96276486	0.96276486	0.96276486	0.96276486	0.96276486	0.96276486	0.96276486	0.96276486	0.96276486	0.96276486	0.96276486	0.96276486	0.96276486	0.96276486	0.96276486	0.96276486	0.96276486	0.96276486
1.1299471	1.1299471	1.1299471	1.1299471	1.1299471	1.1299471	1.1299471	1.1299471	1.1299471	1.1299471	1.1299471	1.1299471	1.1299471	1.1299471	1.1299471	1.1299471	1.1299471	1.1299471	1.1299471	1.1299471	1.1299471	1.1299471	1.1299471	1.1299471	1.1299471	1.1299471	1.1299471	1.1299471
1.0750766	1.0750766	1.0750766	1.0750766	1.0750766	1.0750766	1.0750766	1.0750766	1.0750766	1.0750766	1.0750766	1.0750766	1.0750766	1.0750766	1.0750766	1.0750766	1.0750766	1.0750766	1.0750766	1.0750766	1.0750766	1.0750766	1.0750766	1.0750766	1.0750766	1.0750766	1.0750766	1.0750766
1.0723599	1.0723599	1.0723599	1.0723599	1.0723599	1.0723599	1.0723599	1.0723599	1.0723599	1.0723599	1.0723599	1.0723599	1.0723599	1.0723599	1.0723599	1.0723599	1.0723599	1.0723599	1.0723599	1.0723599	1.0723599	1.0723599	1.0723599	1.0723599	1.0723599	1.0723599	1.0723599	1.0723599
1.1276696	1.1276696	1.1276696	1.1276696	1.1276696	1.1276696	1.1276696	1.1276696	1.1276696	1.1276696	1.1276696	1.1276696	1.1276696	1.1276696	1.1276696	1.1276696	1.1276696	1.1276696	1.1276696	1.1276696	1.1276696	1.1276696	1.1276696	1.1276696	1.1276696	1.1276696	1.1276696	1.1276696
1.0402391	1.0402391	1.0402391	1.0402391	1.0402391	1.0402391	1.0402391	1.0402391	1.0402391	1.0402391	1.0402391	1.0402391	1.0402391	1.0402391	1.0402391	1.0402391	1.0402391	1.0402391	1.0402391	1.0402391	1.0402391	1.0402391	1.0402391	1.0402391	1.0402391	1.0402391	1.0402391	1.0402391
1.1144013	1.1144013	1.1144013	1.1144013	1.1144013	1.1144013	1.1144013	1.1144013	1.1144013	1.1144013	1.1144013	1.1144013	1.1144013	1.1144013	1.1144013	1.1144013	1.1144013	1.1144013	1.1144013	1.1144013	1.1144013	1.1144013	1.1144013	1.1144013	1.1144013	1.1144013	1.1144013	1.1144013
1.100314	1.100314	1.100314	1.100314	1.100314	1.100314	1.100314	1.100314	1.100314	1.100314	1.100314	1.100314	1.100314	1.100314	1.100314	1.100314	1.100314	1.100314	1.100314	1.100314	1.100314	1.100314	1.100314	1.100314	1.100314	1.100314	1.100314	1.100314
1.1187723	1.1187723	1.1187723	1.1187723	1.1187723	1.1187723	1.1187723	1.1187723	1.1187723	1.1187723	1.1187723	1.1187723	1.1187723	1.1187723	1.1187723	1.1187723	1.1187723	1.1187723	1.1187723	1.1187723	1.1187723	1.1187723	1.1187723	1.1187723	1.1187723	1.1187723	1.1187723	1.1187723
1.0971031	1.0971031	1.0971031	1.0971031	1.0971031	1.0971031	1.0971031	1.0971031	1.0971031	1.0971031	1.0971031	1.0971031	1.0971031	1.0971031	1.0971031	1.0971031	1.0971031	1.0971031	1.0971031	1.0971031	1.0971031	1.0971031	1.0971031	1.0971031	1.0971031	1.0971031	1.0971031	1.0971031
1.076078	1.076078	1.076078	1.076078	1.076078	1.076078	1.076078	1.076078	1.076078	1.076078	1.076078	1.076078	1.076078	1.076078	1.076078	1.076078	1.076078	1.076078	1.076078	1.076078	1.076078	1.076078	1.076078	1.076078	1.076078	1.076078	1.076078	1.076078
0.9620054	0.9620054	0.9620054	0.9620054	0.9620054	0.9620054	0.9620054	0.9620054	0.9620054	0.9620054	0.9620054	0.9620054	0.9620054	0.9620054	0.9620054	0.9620054	0.9620054	0.9620054	0.9620054	0.9620054	0.9620054	0.9620054	0.9620054	0.9620054	0.9620054	0.9620054	0.9620054	0.9620054
0.90527606	0.90527606	0.90527606	0.90527606	0.90527606	0.90527606	0.90527606	0.90527606	0.90527606	0.90527606	0.90527606	0.90527606	0.90527606	0.90527606	0.90527606	0.90527606	0.90527606	0.90527606	0.90527606	0.90527606	0.90527606	0.90527606	0.90527606	0.90527606	0.90527606	0.90527606	0.90527606	0.90527606
0.90223235	0.90223235	0.90223235	0.90223235	0.90223235	0.90223235	0.90223235	0.90223235	0.90223235	0.90223235	0.90223235	0.90223235	0.90223235	0.90223235	0.90223235	0.90223235	0.90223235	0.90223235	0.90223235	0.90223235	0.90223235	0.90223235	0.90223235	0.90223235	0.90223235	0.90223235	0.90223235	0.90223235
1.0475819	1.0475819	1.0475819	1.0475819	1.0475819	1.0475819	1.0475819	1.0475819	1.0475819	1.0475819	1.0475819	1.0475819	1.0475819	1.0475819	1.0475819	1.0475819	1.0475819	1.0475819	1.0475819	1.0475819	1.0475819	1.0475819	1.0475819	1.0475819	1.0475819	1.0475819	1.0475819	1.0475819
0.97464645	0.97464645	0.97464645	0.97464645	0.97464645	0.97464645	0.97464645	0.97464645	0.97464645	0.97464645	0.97464645	0.97464645	0.97464645	0.97464645	0.97464645	0.97464645	0.97464645	0.97464645	0.97464645	0.97464645	0.97464645	0.97464645	0.97464645	0.97464645	0.97464645	0.97464645	0.97464645	0.97464645
0.6891069	0.6891069	0.6891069	0.6891069	0.6891069	0.6891069	0.6891069	0.6891069	0.6891069	0.6891069	0.6891069	0.6891069	0.6891069	0.6891069	0.6891069	0.6891069	0.6891069	0.6891069	0.6891069	0.6891069	0.6891069	0.6891069	0.6891069	0.6891069	0.6891069	0.6891069	0.6891069	0.6891069
0.7959082	0.7959082	0.7959082	0.7959082	0.7959082	0.7959082	0.7959082	0.7959082	0.7959082	0.7959082	0.7959082	0.7959082	0.7959082	0.7959082	0.7959082	0.7959082	0.7959082	0.7959082	0.7959082	0.7959082	0.7959082	0.7959082	0.7959082	0.7959082	0.7959082	0.7959082	0.7959082	0.7959082
0.65344775	0.65344775	0.65344775	0.65344775	0.65344775	0.65344775	0.65344775	0.65344775	0.65344775	0.65344775	0.65344775	0.65344775	0.65344775	0.65344775	0.65344775	0.65344775	0.65344775	0.65344775	0.65344775	0.65344775	0.65344775	0.65344775	0.65344775	0.65344775	0.65344775	0.65344775	0.65344775	0.65344775
0.57632285	0.57632285	0.57632285	0.57632285	0.57632285	0.57632285	0.57632285	0.57632285	0.57632285	0.57632285	0.57632285	0.57632285	0.57632285	0.57632285	0.57632285	0.57632285	0.57632285	0.57632285	0.57632285	0.57632285	0.57632285	0.57632285	0.57632285	0.57632285	0.57632285	0.57632285	0.57632285	0.57632285
0.5649631	0.5649631	0.5649631	0.5649631	0.5649631	0.5649631	0.5649631	0.5649631	0.5649631	0.5649631	0.5649631	0.5649631	0.5649631	0.5649631	0.5649631	0.5649631	0.5649631	0.5649631	0.5649631	0.5649631	0.5649631	0.5649631	0.5649631	0.5649631	0.5649631	0.5649631	0.5649631	0.5649631
0.40835336	0.40835336	0.40835336	0.40835336	0.40835336	0.40835336	0.40835336	0.40835336	0.40835336	0.40835336	0.40835336	0.40835336	0.40835336	0.40835336	0.40835336	0.40835336	0.40835336	0.40835336	0.40835336	0.40835336	0.40835336	0.40835336	0.40835336	0.40835336	0.40835336	0.40835336	0.40835336	0.40835336
0.36295208	0.36295208	0.36295208	0.36295208	0.36295208	0.36295208	0.36295208	0.36295208	0.36295208	0.36295208	0.36295208	0.36295208	0.36295208	0.36295208	0.36295208	0.36295208	0.36295208	0.36295208	0.36295208	0.36295208	0.36295208	0.36295208	0.36295208	0.36295208	0.36295208	0.36295208	0.36295208	0.36295208
0.2732714	0.2732714	0.2732714	0.2732714	0.2732714	0.2732714	0.2732714	0.2732714	0.2732714	0.2732714	0.2732714	0.2732714	0.2732714	0.2732714	0.2732714	0.2732714	0.2732714	0.2732714	0.2732714	0.2732714	0.2732714	0.2732714	0.2732714	0.2732714	0.2732714	0.2732714	0.2732714	0.2732714
0.24795915	0.24795915	0.24795915	0.24795915	0.24795915	0.24795915	0.24795915	0.24795915	0.24795915	0.24795915	0.24795915	0.24795915	0.24795915	0.24795915	0.24795915	0.24795915	0.24795915	0.24795915	0.24795915	0.24795915	0.24795915	0.24795915	0.24795915	0.24795915	0.24795915	0.24795915	0.24795915	0.24795915
0.2486898	0.2486898	0.2486898	0.2486898	0.2486898	0.2486898	0.2486898	0.2486898	0.2486898	0.2486898	0.2486898	0.2486898	0.2486898	0.2486898	0.2486898	0.2486898	0.2486898	0.2486898	0.2486898	0.2486898	0.2486898	0.2486898	0.2486898	0.2486898	0.2486898	0.2486898	0.2486898	0.2486898
0.26427332	0.26427332	0.26427332	0.26427332	0.26427332	0.26427332	0.26427332	0.26427332	0.26427332	0.26427332	0.26427332	0.26427332	0.26427332	0.26427332	0.26427332	0.26427332	0.26427332	0.26427332	0.26427332	0.26427332	0.26427332	0.26427332	0.26427332	0.26427332	0.26427332	0.26427332	0.26427332	0.26427332
0.19612601	0.19612601	0.19612601	0.19612601	0.19612601	0.19612601	0.19612601	0.19612601	0.19612601	0.19612601	0.19612601	0.19612601	0.19612601	0.19612601	0.19612601	0.19612601	0.19612601	0.19612601	0.19612601	0.19612601	0.19612601	0.19612601	0.19612601	0.19612601	0.19612601	0.19612601	0.19612601	0.19612601
0.908052	0.908052	0.6237497	0.8352953	0.5749318	0.7680992	0.9145986	0.9820261	0.8374207	1.0116928	1.1036098	0.77044564	0.56516916	0.6805662	0.9796684	0.6131637	0.94427323	0.6727062	0.8781511	0.491602	0.7415484	0.7521835	0.7270696	0.78384644	0.82036614	0.9028125	0.5192166	0.7568932
1.0883234	1.0883234	0.5873037	0.9197105	0.5853948	0.90380853	0.88836867	0.92458147	1.0883234	1.0883234	1.0805523	0.75065243	0.7240507	0.7369469	1.0406575	0.64403254	0.8143492	0.87986016	1.0273945	0.58291566	0.90448856	1.0477958	0.9660201	0.7939464	0.8986276	1.0041844	0.59557587	1.0329823
0.983873	0.983873	0.40155447	0.59907323	0.3729883	0.7595126	0.86819637	0.55161667	1.0001488	1.010129	0.37657544	0.5916001	0.70092756	1.0833167	0.69523716	0.5315504	0.5531158	0.7221105	0.58432674	0.6835019	0.6030321	0.7184469	0.5806608	0.7173004	0.7186809	0.59981143	0.76838183	0.704992
0.82549965	0.82549965	0.2793561	0.13108204	0.31621793	0.3214235	0.47800034	0.17379609	1.0010016	0.7670858	0.33740753	0.722682	0.5404062	0.9418096	0.4985205	0.4823913	0.5941226	0.60525674	0.55918074	0.45964757	0.66883224	0.48805165	0.64537627	0.4450613	0.7891574	0.6239653	0.6501365	0.6589958
0.8585433	0.8585433	0.34908816	0.38953	0.50042635	0.41151056	0.3335549	0.37268078	1.000686	0.537425	0.4965888	0.39790064	0.69490105	0.8981873	0.69509906	0.5677779	0.5774629	0.659084	0.6146951	0.4102516	0.6799434	0.52530235	0.6294091	0.7222265	0.6703233	0.5118168	0.9474421	0.8181937
0.740857	0.740857	0.22553383	0.23805276	0.42024034	0.4097497	0.28541562	0.17783916	1.0019672	0.71429724	0.3519898	0.59764993	0.31828493	0.7124008	0.3360891	0.5065724	0.64423215	0.5954936	0.5809901	0.37937817	0.6481683	0.5615847	0.51815754	0.72534865	0.7852238	0.4516594	0.80546623	0.7201899
0.70675284	0.70675284	0.24541013	0.15353543	0.31688327	0.29653478	0.28580722	0.22745341	1.0032623	0.9996393	0.31779066	0.4347749	0.34695366	0.68525535	0.30381653	0.5772825	0.6402239	0.58189976	0.6790596	0.45808035	0.56785697	0.5858344	0.5344322	0.7054256	0.6990727	0.43520617	0.7480634	0.6440333
0.8045065	0.8045065	0.21012007	0.23508021	0.22944242	0.20213029	0.23324925	0.34096318	1.0041357	1.000761	0.11977604	0.62409025	0.34614578	0.54411256	0.3696313	0.49818516	0.65152717	0.5230513	0.6147058	0.37852886	0.60868686	0.54189557	0.4883586	0.75161123	0.63586944	0.4265927	0.702753	0.54850745
0.63260746	0.63260746	0.1474494	0.04995065	0.14129084	0.13682872	0.1292011	0.23279667	1.0032134	1.001297	0.16687918	0.32151207	0.27791637	0.553622	0.029774575	0.4367035	0.51216596	0.45822236	0.6481767	0.39335814	0.47515497	0.41024876	0.42108917	0.6446441	0.61415565	0.37815717	0.57044405	0.4556951
0.5439855	0.5439855	0.11990017	0.10116387	0.077644326	0.10728201	0.10597559	0.16731293	1.0019015	0.9186126	0.0026751296	0.47584572	0.25045177	0.45158592	0.025266603	0.41061416	0.40480426	0.40079716	0.4184984	0.33153197	0.43245184	0.3664824	0.34423172	0.61783916	0.6062042	0.31095722	0.5514206	0.43295756
0.3795721	0.3795721	0.061946146	0.0011605426	0.011899611	0.066965	0.0058249063	0.10293085	1.0046164	0.89681035	0.0590975	0.18571557	0.13069056	0.4249037	0.061411582	0.37378967	0.39150158	0.30611148	0.58894366	0.28953588	0.31108055	0.24015325	0.22964747	0.4977479	0.51492196	0.24227628	0.47624665	0.34450707
0.37353295	0.37353295	0.1765502	0.03865308	0.04119816	0.09729418	0.09174122	0.13380265	1.0007349	0.8526843	0.022710714	0.31398806	0.08731282	0.40743166	0.09428214	0.3601514	0.35565007	0.30880088	0.5018747	0.39490387	0.3658634	0.26980305	0.3690766	0.6285389	0.5327449	0.2948061	0.44547617	0.31297842
0.27677637	0.27677637	0.16011512	0.0007569059	0.083296925	0.20063666	0.141736	0.18186355	1.0001118	0.9290221	0.05294661	0.1587781	0.11074505	0.3365614	0.071713716	0.22678524	0.20499335	0.23972523	0.36827016	0.4020622	0.25231677	0.1704184	0.26038837	0.5041884	0.44757822	0.34785697	0.38081878	0.23618028
0.3540241	0.3540241	0.24813545	0.15823866	0.1487122	0.18408597	0.24321257	0.21401677	1.0036368	1.00484	0.00046486338	0.32631963	0.023986597	0.34273818	0.3832718	0.18403666	0.20442666	0.21868092	0.31352553	0.21835859	0.31755573	0.18754707	0.38034296	0.49875027	0.39039764	0.3364545	0.39757282	0.2064138
0.38721356	0.38721356	0.27081713	0.027101224	0.18543878	0.09737479	0.26087746	0.05282516	1.0031568	1.0012587	0.0013567131	0.15535828	0.07930617	0.3393048	0.43664175	0.31323493	0.27688935	0.22191961	0.6848957	0.5033473	0.36236063	0.27238044	0.3863065	0.46260154	0.45658946	0.69506437	0.25320393	0.29752868

