2 2 2

0.7056092	0.7056092	0.7056092	0.7056092	0.7056092	0.7056092	0.7056092	0.7056092	0.7056092	0.7056092
0.59902453	0.59902453	0.59902453	0.59902453	0.59902453	0.59902453	0.59902453	0.59902453	0.59902453	0.59902453
0.6373938	0.6373938	0.6373938	0.6373938	0.6373938	0.6373938	0.6373938	0.6373938	0.6373938	0.6373938
0.6485756	0.6485756	0.6485756	0.6485756	0.6485756	0.6485756	0.6485756	0.6485756	0.6485756	0.6485756
0.645973	0.645973	0.645973	0.645973	0.645973	0.645973	0.645973	0.645973	0.645973	0.645973
0.6849265	0.6849265	0.6849265	0.6849265	0.6849265	0.6849265	0.6849265	0.6849265	0.6849265	0.6849265
0.6835081	0.6835081	0.6835081	0.6835081	0.6835081	0.6835081	0.6835081	0.6835081	0.6835081	0.6835081
0.7115851	0.7115851	0.7115851	0.7115851	0.7115851	0.7115851	0.7115851	0.7115851	0.7115851	0.7115851
0.6980198	0.6980198	0.6980198	0.6980198	0.6980198	0.6980198	0.6980198	0.6980198	0.6980198	0.6980198
0.7176641	0.7176641	0.7176641	0.7176641	0.7176641	0.7176641	0.7176641	0.7176641	0.7176641	0.7176641
0.7440986	0.7440986	0.7440986	0.7440986	0.7440986	0.7440986	0.7440986	0.7440986	0.7440986	0.7440986
0.7596625	0.7596625	0.7596625	0.7596625	0.7596625	0.7596625	0.7596625	0.7596625	0.7596625	0.7596625
0.7562715	0.7562715	0.7562715	0.7562715	0.7562715	0.7562715	0.7562715	0.7562715	0.7562715	0.7562715
0.76623714	0.76623714	0.76623714	0.76623714	0.76623714	0.76623714	0.76623714	0.76623714	0.76623714	0.76623714
0.78394717	0.78394717	0.78394717	0.78394717	0.78394717	0.78394717	0.78394717	0.78394717	0.78394717	0.78394717
0.79531896	0.79531896	0.79531896	0.79531896	0.79531896	0.79531896	0.79531896	0.79531896	0.79531896	0.79531896
0.7888504	0.7888504	0.7888504	0.7888504	0.7888504	0.7888504	0.7888504	0.7888504	0.7888504	0.7888504
0.86752474	0.86752474	0.86752474	0.86752474	0.86752474	0.86752474	0.86752474	0.86752474	0.86752474	0.86752474
0.9053082	0.9053082	0.9053082	0.9053082	0.9053082	0.9053082	0.9053082	0.9053082	0.9053082	0.9053082
0.98783094	0.98783094	0.98783094	0.98783094	0.98783094	0.98783094	0.98783094	0.98783094	0.98783094	0.98783094
1.0641024	1.0641024	1.0641024	1.0641024	1.0641024	1.0641024	1.0641024	1.0641024	1.0641024	1.0641024
0.7088818	0.7088818	0.7088818	0.7088818	0.7088818	0.7088818	0.7088818	0.7088818	0.7088818	0.7088818
0.5834267	0.5834267	0.5834267	0.5834267	0.5834267	0.5834267	0.5834267	0.5834267	0.5834267	0.5834267
0.6160505	0.6160505	0.6160505	0.6160505	0.6160505	0.6160505	0.6160505	0.6160505	0.6160505	0.6160505
0.66242176	0.66242176	0.66242176	0.66242176	0.66242176	0.66242176	0.66242176	0.66242176	0.66242176	0.66242176
0.6366487	0.6366487	0.6366487	0.6366487	0.6366487	0.6366487	0.6366487	0.6366487	0.6366487	0.6366487
0.7247954	0.7247954	0.7247954	0.7247954	0.7247954	0.7247954	0.7247954	0.7247954	0.7247954	0.7247954
0.7184202	0.7184202	0.7184202	0.7184202	0.7184202	0.7184202	0.7184202	0.7184202	0.7184202	0.7184202
0.7698584	0.7698584	0.7698584	0.7698584	0.7698584	0.7698584	0.7698584	0.7698584	0.7698584	0.7698584
0.7898897	0.7898897	0.7898897	0.7898897	0.7898897	0.7898897	0.7898897	0.7898897	0.7898897	0.7898897
0.96354246	0.96354246	0.96354246	0.96354246	0.96354246	0.96354246	0.96354246	0.96354246	0.96354246	0.96354246
0.8566872	0.8566872	0.8566872	0.8566872	0.8566872	0.8566872	0.8566872	0.8566872	0.8566872	0.8566872
1.1982554	1.1982554	1.1982554	1.1982554	1.1982554	1.1982554	1.1982554	1.1982554	1.1982554	1.1982554
1.3072442	1.3072442	1.3072442	1.3072442	1.3072442	1.3072442	1.3072442	1.3072442	1.3072442	1.3072442
1.3578559	1.3578559	1.3578559	1.3578559	1.3578559	1.3578559	1.3578559	1.3578559	1.3578559	1.3578559
0.32002696	0.3709792	0.4276833	0.3518551	0.75580317	0.799831	0.74042654	0.5847864	0.8180312	1.179762
0.579724	0.6087104	0.5505437	0.8432208	0.6419476	0.53162074	0.7175167	0.51039445	0.786442	0.7433839
0.8103742	0.78650486	0.7308139	0.65807354	0.63416857	0.6050703	0.7264543	0.46737224	0.718178	1.0001013
0.77497244	0.8980002	0.8742319	0.71984667	0.51755136	0.6224659	0.4832068	0.52285135	0.58066154	0.96280354
0.7299932	0.7889987	0.8488275	0.9275916	0.6832794	0.54576945	0.47333685	0.49376938	0.55238223	0.8200445
0.7245268	1.0206053	0.93468404	0.9055856	0.5202373	0.6080045	0.54660076	0.6192154	0.5784103	0.8287616
0.8854511	0.8205818	0.8567338	1.0592536	0.53351355	0.6271022	0.5050299	0.51109153	0.5752399	0.77717775
0.8508421	0.9975735	1.0399309	0.9055039	0.61657435	0.5792877	0.34883624	0.49586362	0.498176	0.7836933
1.0778936	0.94350034	0.851882	0.9003265	0.5785839	0.65841943	0.48977786	0.5157225	0.6365708	0.884913
0.88778424	1.101319	0.89177746	0.86859435	0.7372254	0.6717151	0.6008457	0.6316624	0.8031632	1.0705056
0.9598089	0.9349455	0.948166	0.96081126	1.0572045	0.89720064	0.77808005	0.74986315	0.8782664	1.0723376
0.92300206	1.1340289	1.0398562	0.94597226	0.9654364	0.71611667	0.6826749	0.7234298	0.83667636	1.0326906
1.1262575	1.0490593	0.9146285	1.0709087	1.4369817	1.1568494	1.1056554	1.1156693	1.277294	1.6163712
1.2141958	1.477527	1.0715879	1.0451127	1.8286875	1.3252685	1.3866279	1.3768077	1.544675	1.6134033
1.4419647	1.3737541	1.0328672	1.2144333	1.8251742	1.258568	1.2520818	1.3820441	1.8546628	1.5717976

0.7056092	0.7056092	0.7056092	0.7056092	0.7056092	0.7056092	0.7056092	0.7056092	0.7056092	0.7056092
0.59902453	0.59902453	0.59902453	0.59902453	0.59902453	0.59902453	0.59902453	0.59902453	0.59902453	0.59902453
0.6373938	0.6373938	0.6373938	0.6373938	0.6373938	0.6373938	0.6373938	0.6373938	0.6373938	0.6373938
0.6485756	0.6485756	0.6485756	0.6485756	0.6485756	0.6485756	0.6485756	0.6485756	0.6485756	0.6485756
0.645973	0.645973	0.645973	0.645973	0.645973	0.645973	0.645973	0.645973	0.645973	0.645973
0.6849265	0.6849265	0.6849265	0.6849265	0.6849265	0.6849265	0.6849265	0.6849265	0.6849265	0.6849265
0.6835081	0.6835081	0.6835081	0.6835081	0.6835081	0.6835081	0.6835081	0.6835081	0.6835081	0.6835081
0.7115851	0.7115851	0.7115851	0.7115851	0.7115851	0.7115851	0.7115851	0.7115851	0.7115851	0.7115851
0.6980198	0.6980198	0.6980198	0.6980198	0.6980198	0.6980198	0.6980198	0.6980198	0.6980198	0.6980198
0.7176641	0.7176641	0.7176641	0.7176641	0.7176641	0.7176641	0.7176641	0.7176641	0.7176641	0.7176641
0.7440986	0.7440986	0.7440986	0.7440986	0.7440986	0.7440986	0.7440986	0.7440986	0.7440986	0.7440986
0.7596625	0.7596625	0.7596625	0.7596625	0.7596625	0.7596625	0.7596625	0.7596625	0.7596625	0.7596625
0.7562715	0.7562715	0.7562715	0.7562715	0.7562715	0.7562715	0.7562715	0.7562715	0.7562715	0.7562715
0.76623714	0.76623714	0.76623714	0.76623714	0.76623714	0.76623714	0.76623714	0.76623714	0.76623714	0.76623714
0.78394717	0.78394717	0.78394717	0.78394717	0.78394717	0.78394717	0.78394717	0.78394717	0.78394717	0.78394717
0.79531896	0.79531896	0.79531896	0.79531896	0.79531896	0.79531896	0.79531896	0.79531896	0.79531896	0.79531896
0.7888504	0.7888504	0.7888504	0.7888504	0.7888504	0.7888504	0.7888504	0.7888504	0.7888504	0.7888504
0.86752474	0.86752474	0.86752474	0.86752474	0.86752474	0.86752474	0.86752474	0.86752474	0.86752474	0.86752474
0.9053082	0.9053082	0.9053082	0.9053082	0.9053082	0.9053082	0.9053082	0.9053082	0.9053082	0.9053082
0.98783094	0.98783094	0.98783094	0.98783094	0.98783094	0.98783094	0.98783094	0.98783094	0.98783094	0.98783094
0.9175224	0.9175224	0.9175224	0.9175224	0.9175224	0.9175224	0.9175224	0.9175224	0.9175224	0.9175224
0.98842967	0.98842967	0.98842967	0.98842967	0.98842967	0.98842967	0.98842967	0.98842967	0.98842967	0.98842967
0.9826827	0.9826827	0.9826827	0.9826827	0.9826827	0.9826827	0.9826827	0.9826827	0.9826827	0.9826827
0.9615235	0.9615235	0.9615235	0.9615235	0.9615235	0.9615235	0.9615235	0.9615235	0.9615235	0.9615235
0.9629847	0.9629847	0.9629847	0.9629847	0.9629847	0.9629847	0.9629847	0.9629847	0.9629847	0.9629847
0.8798399	0.8798399	0.8798399	0.8798399	0.8798399	0.8798399	0.8798399	0.8798399	0.8798399	0.8798399
0.8041624	0.8041624	0.8041624	0.8041624	0.8041624	0.8041624	0.8041624	0.8041624	0.8041624	0.8041624
0.70553845	0.70553845	0.70553845	0.70553845	0.70553845	0.70553845	0.70553845	0.70553845	0.70553845	0.70553845
0.7360725	0.7360725	0.7360725	0.7360725	0.7360725	0.7360725	0.7360725	0.7360725	0.7360725	0.7360725
0.7914366	0.7914366	0.7914366	0.7914366	0.7914366	0.7914366	0.7914366	0.7914366	0.7914366	0.7914366
0.76179427	0.76179427	0.76179427	0.76179427	0.76179427	0.76179427	0.76179427	0.76179427	0.76179427	0.76179427
0.6731309	0.6731309	0.6731309	0.6731309	0.6731309	0.6731309	0.6731309	0.6731309	0.6731309	0.6731309
0.9268556	0.9268556	0.9268556	0.9268556	0.9268556	0.9268556	0.9268556	0.9268556	0.9268556	0.9268556
0.9640494	0.9640494	0.9640494	0.9640494	0.9640494	0.9640494	0.9640494	0.9640494	0.9640494	0.9640494
1.1890192	1.1890192	1.1890192	1.1890192	1.1890192	1.1890192	1.1890192	1.1890192	1.1890192	1.1890192
0.82476455	0.76801634	0.9841943	0.72101784	0.5122486	0.8791893	0.75764185	0.6833121	0.36233926	0.63386935
0.8592355	0.98120886	1.0801806	1.0305439	0.05117366	0.80280775	0.55891	0.7730164	0.4370777	0.5281265
1.0895106	0.9335223	0.99020094	0.8552952	0.47793245	0.8513271	0.5236975	0.55950916	0.6828479	0.5935115
0.89685744	0.96509844	1.1541032	0.96681184	0.6994684	0.7206903	0.72381854	0.7387676	0.8396717	0.40702972
1.1938181	0.6647656	1.0037344	1.0483924	0.6124868	0.9167811	0.83454686	0.6190163	0.84049857	0.7358111
0.79946774	1.1016772	1.0013682	0.95904785	0.7578079	0.58188653	0.92523223	0.0	0.83629704	0.7605516
1.1046113	0.73434323	0.85739726	1.0615834	0.8173032	0.39924178	0.54123956	0.23305432	0.56787324	0.52993625
0.92451787	1.1218197	0.97691905	0.9185129	0.4651046	0.0	0.7522692	0.0	0.57520616	0.46721548
1.1362479	0.86121416	0.9621717	0.86892337	0.8066319	0.5412129	0.763222	0.0	0.48962727	0.47582898
0.71846783	1.1022978	0.9589798	0.8959379	0.6632517	0.0	0.70828986	0.0	0.0	0.29677567
1.1167032	0.8287545	0.89534664	0.9089802	0.5561901	0.0	0.0	0.0	0.0	0.54979277
0.7471672	0.97057766	1.0389825	0.8800068	0.31522804	0.0	0.0	0.0	0.0	0.21033299
1.1657043	1.0434208	0.88454103	1.0019283	0.24849112	0.0	0.0	0.0	0.0	0.29682434
1.1008863	1.4524035	0.9424493	0.8335045	0.0	0.0	0.0	0.0	0.0	0.0
1.3428597	1.299306	0.9093125	1.1352876	0.0	0.0	0.0	0.0	0.0	0.4078705

0.9592172	0.9592172	0.9592172	0.9592172	0.9592172	0.9592172	0.9592172	0.9592172	0.9592172	0.9592172	0.9592172	0.9592172	0.9592172	0.9592172	0.9592172	0.9592172	0.9592172	0.9592172	0.9592172	0.9592172
0.9187708	0.9187708	0.9187708	0.9187708	0.9187708	0.9187708	0.9187708	0.9187708	0.9187708	0.9187708	0.9187708	0.9187708	0.9187708	0.9187708	0.9187708	0.9187708	0.9187708	0.9187708	0.9187708	0.9187708
1.1354333	1.1354333	1.1354333	1.1354333	1.1354333	1.1354333	1.1354333	1.1354333	1.1354333	1.1354333	1.1354333	1.1354333	1.1354333	1.1354333	1.1354333	1.1354333	1.1354333	1.1354333	1.1354333	1.1354333
1.07932	1.07932	1.07932	1.07932	1.07932	1.07932	1.07932	1.07932	1.07932	1.07932	1.07932	1.07932	1.07932	1.07932	1.07932	1.07932	1.07932	1.07932	1.07932	1.07932
1.1047236	1.1047236	1.1047236	1.1047236	1.1047236	1.1047236	1.1047236	1.1047236	1.1047236	1.1047236	1.1047236	1.1047236	1.1047236	1.1047236	1.1047236	1.1047236	1.1047236	1.1047236	1.1047236	1.1047236
1.1612353	1.1612353	1.1612353	1.1612353	1.1612353	1.1612353	1.1612353	1.1612353	1.1612353	1.1612353	1.1612353	1.1612353	1.1612353	1.1612353	1.1612353	1.1612353	1.1612353	1.1612353	1.1612353	1.1612353
1.1077492	1.1077492	1.1077492	1.1077492	1.1077492	1.1077492	1.1077492	1.1077492	1.1077492	1.1077492	1.1077492	1.1077492	1.1077492	1.1077492	1.1077492	1.1077492	1.1077492	1.1077492	1.1077492	1.1077492
1.1980481	1.1980481	1.1980481	1.1980481	1.1980481	1.1980481	1.1980481	1.1980481	1.1980481	1.1980481	1.1980481	1.1980481	1.1980481	1.1980481	1.1980481	1.1980481	1.1980481	1.1980481	1.1980481	1.1980481
1.189584	1.189584	1.189584	1.189584	1.189584	1.189584	1.189584	1.189584	1.189584	1.189584	1.189584	1.189584	1.189584	1.189584	1.189584	1.189584	1.189584	1.189584	1.189584	1.189584
1.2482722	1.2482722	1.2482722	1.2482722	1.2482722	1.2482722	1.2482722	1.2482722	1.2482722	1.2482722	1.2482722	1.2482722	1.2482722	1.2482722	1.2482722	1.2482722	1.2482722	1.2482722	1.2482722	1.2482722
1.1908646	1.1908646	1.1908646	1.1908646	1.1908646	1.1908646	1.1908646	1.1908646	1.1908646	1.1908646	1.1908646	1.1908646	1.1908646	1.1908646	1.1908646	1.1908646	1.1908646	1.1908646	1.1908646	1.1908646
1.2424159	1.2424159	1.2424159	1.2424159	1.2424159	1.2424159	1.2424159	1.2424159	1.2424159	1.2424159	1.2424159	1.2424159	1.2424159	1.2424159	1.2424159	1.2424159	1.2424159	1.2424159	1.2424159	1.2424159
1.2171953	1.2171953	1.2171953	1.2171953	1.2171953	1.2171953	1.2171953	1.2171953	1.2171953	1.2171953	1.2171953	1.2171953	1.2171953	1.2171953	1.2171953	1.2171953	1.2171953	1.2171953	1.2171953	1.2171953
1.2025332	1.2025332	1.2025332	1.2025332	1.2025332	1.2025332	1.2025332	1.2025332	1.2025332	1.2025332	1.2025332	1.2025332	1.2025332	1.2025332	1.2025332	1.2025332	1.2025332	1.2025332	1.2025332	1.2025332
1.182287	1.182287	1.182287	1.182287	1.182287	1.182287	1.182287	1.182287	1.182287	1.182287	1.182287	1.182287	1.182287	1.182287	1.182287	1.182287	1.182287	1.182287	1.182287	1.182287
1.1295347	1.1295347	1.1295347	1.1295347	1.1295347	1.1295347	1.1295347	1.1295347	1.1295347	1.1295347	1.1295347	1.1295347	1.1295347	1.1295347	1.1295347	1.1295347	1.1295347	1.1295347	1.1295347	1.1295347
1.100235	1.100235	1.100235	1.100235	1.100235	1.100235	1.100235	1.100235	1.100235	1.100235	1.100235	1.100235	1.100235	1.100235	1.100235	1.100235	1.100235	1.100235	1.100235	1.100235
1.0500886	1.0500886	1.0500886	1.0500886	1.0500886	1.0500886	1.0500886	1.0500886	1.0500886	1.0500886	1.0500886	1.0500886	1.0500886	1.0500886	1.0500886	1.0500886	1.0500886	1.0500886	1.0500886	1.0500886
0.931332	0.931332	0.931332	0.931332	0.931332	0.931332	0.931332	0.931332	0.931332	0.931332	0.931332	0.931332	0.931332	0.931332	0.931332	0.931332	0.931332	0.931332	0.931332	0.931332
0.8942017	0.8942017	0.8942017	0.8942017	0.8942017	0.8942017	0.8942017	0.8942017	0.8942017	0.8942017	0.8942017	0.8942017	0.8942017	0.8942017	0.8942017	0.8942017	0.8942017	0.8942017	0.8942017	0.8942017
0.66280746	0.66280746	0.66280746	0.66280746	0.66280746	0.66280746	0.66280746	0.66280746	0.66280746	0.66280746	0.66280746	0.66280746	0.66280746	0.66280746	0.66280746	0.66280746	0.66280746	0.66280746	0.66280746	0.66280746
0.8218653	0.8218653	0.8218653	0.8218653	0.8218653	0.8218653	0.8218653	0.8218653	0.8218653	0.8218653	0.8218653	0.8218653	0.8218653	0.8218653	0.8218653	0.8218653	0.8218653	0.8218653	0.8218653	0.8218653
0.8687209	0.8687209	0.8687209	0.8687209	0.8687209	0.8687209	0.8687209	0.8687209	0.8687209	0.8687209	0.8687209	0.8687209	0.8687209	0.8687209	0.8687209	0.8687209	0.8687209	0.8687209	0.8687209	0.8687209
0.6261485	0.6261485	0.6261485	0.6261485	0.6261485	0.6261485	0.6261485	0.6261485	0.6261485	0.6261485	0.6261485	0.6261485	0.6261485	0.6261485	0.6261485	0.6261485	0.6261485	0.6261485	0.6261485	0.6261485
0.7040648	0.7040648	0.7040648	0.7040648	0.7040648	0.7040648	0.7040648	0.7040648	0.7040648	0.7040648	0.7040648	0.7040648	0.7040648	0.7040648	0.7040648	0.7040648	0.7040648	0.7040648	0.7040648	0.7040648
0.6110818	0.6110818	0.6110818	0.6110818	0.6110818	0.6110818	0.6110818	0.6110818	0.6110818	0.6110818	0.6110818	0.6110818	0.6110818	0.6110818	0.6110818	0.6110818	0.6110818	0.6110818	0.6110818	0.6110818
0.5939206	0.5939206	0.5939206	0.5939206	0.5939206	0.5939206	0.5939206	0.5939206	0.5939206	0.5939206	0.5939206	0.5939206	0.5939206	0.5939206	0.5939206	0.5939206	0.5939206	0.5939206	0.5939206	0.5939206
0.51345986	0.51345986	0.51345986	0.51345986	0.51345986	0.51345986	0.51345986	0.51345986	0.51345986	0.51345986	0.51345986	0.51345986	0.51345986	0.51345986	0.51345986	0.51345986	0.51345986	0.51345986	0.51345986	0.51345986
0.44876033	0.44876033	0.44876033	0.44876033	0.44876033	0.44876033	0.44876033	0.44876033	0.44876033	0.44876033	0.44876033	0.44876033	0.44876033	0.44876033	0.44876033	0.44876033	0.44876033	0.44876033	0.44876033	0.44876033
0.396274	0.396274	0.396274	0.396274	0.396274	0.396274	0.396274	0.396274	0.396274	0.396274	0.396274	0.396274	0.396274	0.396274	0.396274	0.396274	0.396274	0.396274	0.396274	0.396274
0.2228673	0.2228673	0.2228673	0.2228673	0.2228673	0.2228673	0.2228673	0.2228673	0.2228673	0.2228673	0.2228673	0.2228673	0.2228673	0.2228673	0.2228673	0.2228673	0.2228673	0.2228673	0.2228673	0.2228673
0.31598568	0.31598568	0.31598568	0.31598568	0.31598568	0.31598568	0.31598568	0.31598568	0.31598568	0.31598568	0.31598568	0.31598568	0.31598568	0.31598568	0.31598568	0.31598568	0.31598568	0.31598568	0.31598568	0.31598568
0.23557629	0.23557629	0.23557629	0.23557629	0.23557629	0.23557629	0.23557629	0.23557629	0.23557629	0.23557629	0.23557629	0.23557629	0.23557629	0.23557629	0.23557629	0.23557629	0.23557629	0.23557629	0.23557629	0.23557629
0.25937352	0.25937352	0.25937352	0.25937352	0.25937352	0.25937352	0.25937352	0.25937352	0.25937352	0.25937352	0.25937352	0.25937352	0.25937352	0.25937352	0.25937352	0.25937352	0.25937352	0.25937352	0.25937352	0.25937352
0.15930575	0.15930575	0.15930575	0.15930575	0.15930575	0.15930575	0.15930575	0.15930575	0.15930575	0.15930575	0.15930575	0.15930575	0.15930575	0.15930575	0.15930575	0.15930575	0.15930575	0.15930575	0.15930575	0.15930575
0.908052	0.908052	0.5094952	0.17939928	0.21439955	0.87131953	0.05634317	0.50224835	1.0045238	1.0036014	0.91203284	1.2231654	0.35693428	0.3774995	0.51901174	0.735859	0.6795616	0.5087775	0.47795165	0.8832316
1.0883234	1.0883234	0.37072095	0.75168496	0.4891543	0.24105299	0.51705736	0.08008777	1.0883234	1.0883234	0.5702738	0.7992877	0.31145844	0.5299633	0.3976142	0.48972192	0.5775046	0.5077941	0.66154504	0.69193035
0.983873	0.983873	0.3205554	0.45303285	0.49128228	0.34666276	0.46741667	0.0024103234	1.0077169	1.005955	0.43476158	0.7338628	0.28687528	0.40536663	0.4902984	0.6864396	0.59177506	0.5684085	0.54074055	0.78731
0.82549965	0.82549965	0.26105076	0.4573575	0.3098273	0.17338759	0.27236727	0.14704728	1.0023698	1.0037187	0.31839132	0.8025996	0.32282668	0.3642354	0.43577155	0.39166978	0.31151867	0.40103045	0.52627766	0.7000844
0.8585433	0.8585433	0.13262247	0.34394863	0.18836567	0.6622224	0.27567592	0.051547993	1.0030167	1.003032	0.2745076	0.72286254	0.2161426	0.33349684	0.56094766	0.5888157	0.5011214	0.503142	0.5161019	0.63434505
0.740857	0.740857	0.20333457	0.40742087	0.37319788	0.048171762	0.3153827	0.19250777	1.0035625	1.0025641	0.28617916	0.80091655	0.36926448	0.25055656	0.5178868	0.35101253	0.49717045	0.378498	0.54168355	0.7381014
0.70675284	0.70675284	0.15141952	0.2926885	0.22619995	0.37984776	0.16439216	0.016841466	1.0121217	1.0026572	0.36375907	0.64611393	0.25762054	0.26104084	0.5580653	0.55249685	0.43522352	0.51466924	0.5080997	0.7093596
0.8045065	0.8045065	0.16987899	0.28296506	0.2754741	0.07907751	0.16711152	0.3155225	1.0002835	1.0103863	0.27345452	0.6504629	0.28810608	0.2241691	0.6143063	0.45198673	0.50610757	0.5399903	0.518755	0.76762134
0.63260746	0.63260746	0.10967357	0.21582541	0.22702326	0.59724283	0.12266282	0.0054282807	1.0028461	1.0061141	0.31399602	0.65992665	0.18146577	0.2933271	0.5086266	0.44284597	0.43625137	0.46539944	0.5253395	0.6359913
0.5439855	0.5439855	0.2350261	0.29480505	0.20880853	0.09458361	0.16793017	0.38121885	1.0055114	1.0081882	0.3091549	0.5593226	0.3463766	0.24459542	0.53196216	0.3855157	0.50131756	0.47391468	0.52029693	0.677455
0.3795721	0.3795721	0.09545081	0.30877122	0.29795948	0.20870307	0.09149929	0.004371544	1.0035337	1.0106176	0.34496987	0.6232295	0.15586539	0.2943103	0.5596494	0.40175977	0.30931032	0.4378541	0.36259517	0.5868569
0.37353295	0.37353295	0.29421183	0.3891853	0.41935483	0.105599456	0.39877445	0.26206908	1.0018625	1.0030855	0.3161561	0.66581535	0.13053052	0.17242542	0.48293892	0.3133966	0.3278199	0.48214936	0.472105	0.55467665
0.27677637	0.27677637	0.23383224	0.3944955	0.37866962	0.26185304	0.28967193	0.028673312	1.008107	1.0111678	0.4027038	0.51528007	0.07938478	0.15047373	0.35782492	0.3486583	0.21601883	0.4022485	0.31925505	0.50106704
0.3540241	0.3540241	0.31607684	0.48364264	0.44757923	0.00081696926	0.31746486	0.3077235	1.0020119	1.0011361	0.3258037	0.4585687	0.13409722	0.094261386	0.5872396	0.25032252	0.23935461	0.43760595	0.352418	0.45134354
0.38721356	0.38721356	0.3006109	0.42656836	0.5834002	0.19448826	0.30495322	0.057475347	1.0108011	1.0032842	0.41286764	0.54899335	0.07623542	0.11172041	0.72967064	0.25691578	0.1839745	0.40391263	0.72404015	0.34213603

