3 3 3

0.7191073
0.74454516
0.65912306
0.6520242
0.66921085
0.70036536
0.7452783
0.7198233
0.7135165
0.7076277
0.7665039
0.7472128
0.7409767
0.7972046
0.73875785
0.7809021
0.7819794
0.795219
0.6953594
0.92439634
0.043014187
0.3242852
0.57674074
0.60498583
0.46436787
0.5898347
0.593281
0.5459628
0.6283305
0.6343153
0.7203972
0.72288483
0.5277601
0.7162887
0.6800758
0.692901
0.74856853
0.73848194
0.6887236
0.7638476
0.90861094
0.8571097
0.86372787
0.8184779
1.3703859
0.9226894
0.80339134
0.87782556
0.99481064
1.6172624

0.7191073
0.74454516
0.65912306
0.6520242
0.66921085
0.70036536
0.7452783
0.7198233
0.7135165
0.7076277
0.7665039
0.7472128
0.7409767
0.7972046
0.73875785
0.7809021
0.7819794
0.795219
0.6953594
0.92439634
0.6594322
0.83863324
0.82759607
0.77162623
0.76669043
0.8479304
0.79729074
0.7826752
0.695314
0.7401228
0.7712306
0.763007
0.66848785
0.835185
0.7817095
0.850004
0.76702917
0.85456824
0.8583772
0.7392656
0.8763816
0.8752432
0.8348109
0.74870175
1.2457627
0.55307
0.51145095
0.642007
0.7215196
1.4441354

0.7888046
1.0731037
1.1604418
1.1955171
0.9802214
0.99516207
1.0186816
1.1315058
0.9304648
0.99324113
1.0447026
0.9846422
1.0295079
1.0220379
0.9628794
1.0281731
1.0123488
1.0239863
0.96755046
0.7561967
0.8869482
1.0175053
0.85716295
0.6738555
0.7038222
0.5221057
0.5533816
0.5370737
0.5043355
0.4354214
0.37486503
0.40162212
0.45210597
0.3442257
0.418398
0.38638932
0.387936
0.40812036
0.33674425
0.23287325
0.31056488
0.30470175
0.36673594
0.3727108
0.3859818
0.644428
0.56590414
0.4496844
0.42985898
0.41700006

