3 3 3

0.74078757
0.7062977
0.6557973
0.68810296
0.6720334
0.7018134
0.74929297
0.7127619
0.7280371
0.76326644
0.7268268
0.69625354
0.76609623
0.78701514
0.83586264
0.8380361
0.8554005
0.81596816
0.8112885
0.97493446

0.74078757
0.7062977
0.6557973
0.68810296
0.6720334
0.7018134
0.74929297
0.7127619
0.7280371
0.76326644
0.7268268
0.69625354
0.76609623
0.78701514
0.83586264
0.8380361
0.8554005
0.81596816
0.8112885
0.97493446

0.73957413
0.97738445
0.96053606
1.1014156
1.1980488
1.1490537
1.2207358
1.1902364
1.1695462
1.0943786
1.1471134
1.0911213
1.0746514
1.0431769
1.0488266
1.0725917
0.9968153
0.97953707
0.8989427
0.8074569
